gene	lcdA
2588078962
2511485854
2692757196
2847455593
2672961530
2628046107
2725933335
2823505335
2517591011
2588243840
2914416475
2823466134
2579274588
2533931959
2776383349
2872340171
642090207
2579237128
2589025626
2677141373
2823461647
2559701637
2524472721
2695791478
2588078131
2913510110
2725909452
2805701864
2561493340
2684183655
2875134716
2696957513
2653078346
2638611620
2651649960
2637679966
2837630761
2565690277
2882075919
2834349864
2693098431
2661382067
2831281627
2599139264
2675029603
651620126
2725931119
2725907085
645587855
2725926816
2911236266
2508509205
2512447411
2823500027
2653262906
2694240601
2675314207
2510243215
2663254033
2757488005
2901395021
2519044891
2800680591
2900565632
2894993414
2840025960
2601473271
2579281038
2872347355
2509272704
2915084772
2633664647
2831285344
2583915586
2725913514
2843667798
2539299780
2673194465
2632052048
2579294643
2841203512
2846305106
2661083399
2661221713
2810848292
2795721962
2661308472
2840806937
2823503297
2859123820
2914415309
2800709769
2872357750
2546752886
2793576517
2917530428
2843665497
2847466725
2546428871
2668726011
639732464
2672631731
2725903315
2860393365
2645961500
2511555777
2547699227
2823463869
2563303447
2807287382
2684181470
2843101715
2834101790
2804928396
2585120944
2789942791
2725918508
2579253776
2725924604
2834446628
2641416938
2677944685
2587773001
2790895613
2775973675
2775975041
2846304696
2548150416
650536885
2520495795
2725922787
2895014797
650810274
2579286365
2698604317
2630600900
2621082231
2849015021
2841659328
2514407801
2628439440
2847457961
2558443796
2840848549
2729513058
2628734875
647375251
2595358036
2725917787
650536507
2834461593
2608658982
2623241457
