gene	lcdB
2684183654
2810848293
2831285345
2539299781
2793576518
2675314208
2823461648
2524472720
650810273
2623239974
2675029602
2847455592
2509272705
2517591010
2725913513
2847457960
2558443795
2846305105
2663254032
2911236267
2651649959
2587773000
2843667799
2533931960
2563303448
2694240602
2834349863
2895014798
2901395022
2588078132
2599139265
2579253775
2601473272
2637679965
2512447412
2823500026
2775975042
2847466724
2725924603
2672961529
2696957514
2849015020
2837630762
2579274589
2579294644
2841203513
2661083400
647375250
2579237129
645587856
2843101714
2668726012
2519044890
2800680592
2588078961
2579286366
2789942790
2805701865
2692757197
2725931118
2641416937
2546752887
2547699226
2632052049
2882075918
2653262905
2795721961
2725922786
2677944684
2725903314
2579281037
2823505334
2511555778
2872340172
2729513057
2628734876
2548150417
2693098430
639732463
2585120943
2725918507
2831281628
2900565631
2725909453
2628046108
2653078347
2840848550
2595358037
2520495794
2677141372
2725933334
2725926815
2800709770
2695791479
2673194464
2776383348
2834461592
2834101789
2661308471
2840806936
651620125
2698604316
2561493341
2915084771
2508509204
2565690276
2807287381
650536886
2510243216
2914415310
2621082230
2633664646
2872357751
2645961501
2843665498
650536508
2913510111
2894993415
2511485855
2859123819
2672631732
2725907084
2790895614
2588243839
2514407800
2823463870
2917530429
642090206
2804928397
2875134717
2834446627
2872347354
2841659329
2914416474
2725917788
2684181469
2589025625
2559701636
2661382068
2823503296
2840025959
2630600899
2860393364
2583915587
2775973676
2823466133
2628439439
2846304697
2546428870
2638611621
2661221712
2608658981
2757488004
