gene	pct
650536505
651619727
2520495800
2524475259
2539299776
2563303904
2563304530
2579286605
2583915582
2588076944
2595358335
2621082229
2628045859
2628045256
2641414981
2641416585
2645963393
2653078344
2653262904
2668725811
2684181291
2692757193
2693098434
2698604680
2725918512
2725918406
2725929629
2775975038
2775975341
2775973588
2789942951
2807286268
2823461644
2834446630
2840025963
2840807198
2843668992
2914415306
2914416478
2914416930
2915084551
2917530425
642090210
2509272702
2511483514
2519044075
2539298221
2546428874
2546752883
2548150413
2558443250
2561493552
2579274584
2579281042
2579294639
2579295136
2585120942
2588078964
2589025271
2589025819
2595357489
2599139929
2621083440
2623238171
2630600903
2645965027
2661308475
2663254036
2673194468
2672962591
2684183551
2725909448
2725926820
2725924608
2725918591
2725920896
2725923982
2776383352
2795722002
2795722226
2795720802
2837630758
2837631650
2840025825
2840026804
2843667485
2847467804
2872340166
2894993139
2900565640
2901395018
2901395090
2901398381
647375254
647375200
650537673
651620129
2508507263
2511555774
2511555480
2547699230
2546754352
2547699706
2559702173
2561492322
2585123150
2588079054
2589025630
2601473267
2599138601
2623238163
2628439443
2628735180
2632052045
2663251841
2668726008
2684182801
2694240598
2693096335
2692755116
2696955826
2725903400
2725907089
2725931123
2725907316
2725911652
2757488008
2757490054
2790895610
2790896001
2831285340
2831281741
2841203509
2847455597
2895014794
2895015591
2900565204
2913510106
2914414991
2917529043
645587852
650810277
2509272657
2510243213
650810759
2508509207
2514407806
2520495793
2519043084
2524473619
2546428556
2561493336
2579252303
2579275562
2579281601
2583915947
2587771849
2595357045
2623238400
2628734872
2628440733
2637679453
2645964707
2661083396
2661221716
2661084762
2673193502
2677141375
2677944689
2725909459
2725918409
2725924877
2725920784
2725930697
2725931359
2776383190
2793576255
2805701866
2823466137
2834461595
2837632015
2840806940
2841658254
2847455136
2860393798
2872347358
2872357747
2911236259
639732467
651621099
2508507935
2517591009
2533930734
2539298869
2548151518
2546428575
2588078868
2623239400
2623238210
2628044594
2632053296
2638611617
2645964659
2645964664
2661306971
2661219720
2672631728
2672961533
2675314204
2684180011
2725917783
2725903319
2725924712
2729513056
2795722067
2795721860
2823500030
2834101793
2834349523
2840024824
2840848545
2840807473
2843665494
2846304693
2843665913
2849015025
2859125258
2894993411
2901394677
642089745
650536888
2511485852
2511556176
2511556692
2512448615
2546427577
2558443799
2558443427
2559702879
2579238412
2579286526
2579295702
2587773003
2588243838
2595358033
2599139260
2601473573
2623240160
2628046104
2623238204
2641414861
2645964704
2645963780
2645964441
2661382064
2661381899
2684181474
2698604320
2725922791
2725933339
2725907924
2757488299
2800709756
2804928393
2810849072
2823505338
2823503300
2831281623
2831284140
2840806655
2841203506
2841657928
2843101713
2846305103
2846303415
2847457483
2859124922
2882073160
2882073310
2911236263
2512447408
2524472719
2533931772
2533931955
2547700534
2547701562
2563303442
2579275483
2579279538
2588078128
2588078491
2608660187
2621082130
2623241287
2623238168
2633664652
2633665635
2641415861
2675029606
2675311902
2677945002
2684183659
2695790462
2725913518
2725907429
2725916006
2725904886
2725912646
2725925117
2775973672
2789942789
2793576514
2795721965
2800680498
2800680617
2800709194
2810848294
2823463866
2831285578
2834349867
2841659324
2843667795
2843665200
2843666593
2843668217
2847466729
2847468131
2849016864
2849016181
2872356688
2901395644
2911236256
2913510120
2519044894
2546753446
2546755089
2558443135
2565690275
2579237124
2579253780
2579286361
2579252467
2638609489
2638609714
2641416941
2645964712
2651649958
2672633640
2675030606
2677946585
2694242684
2695791475
2696957510
2725931259
2757489378
2795721494
2837631100
2840026800
2841203503
2847457965
2847457014
2859123824
2860393368
2875134713
2872346017
2882075917
2882076045
2914417261
2915084775
