gene	lcdC
2913509394
2675029604
2585120945
2698604318
2859123821
2875134715
2725932700
2725906286
2860393366
2509274536
2633665783
2841659950
2514408042
2579293663
2847466726
2795721963
2589025627
650810275
2693098432
2661382066
2588078130
2913510109
2900565633
2511485853
2823503298
2725918509
2561492563
2561493339
2579252536
2847455264
2859123192
2725931120
2653078489
2653078689
2725903316
2579281039
645587854
2849015022
2725926817
2849016990
2638609165
2587773447
2775973674
2725913066
2546752885
2843667797
2823500041
2539299779
2645961499
2673194466
2914416476
2823466151
2673193462
642090208
2843665496
2725917481
2725917786
2810848291
2579237127
2520497917
2663253213
2725922788
2725922279
2524472818
2843101716
2511486652
2692757886
2630600901
2630600909
2672963891
2834446629
2621083635
2834448568
2653078345
2677946328
2695791477
2651649961
2508510510
2831284473
2587773002
2588243841
2628439455
2533931682
2847457962
2632052309
2565690278
2882075920
2917530427
2558443797
2653262907
2840848548
2840848300
2846304695
2846304469
2661220881
2628736650
2595358035
2675314206
650536884
2510243214
2677141374
2663254034
2677143884
650809072
2608658218
2834350070
2524472722
2901395020
2623239398
2831281626
2579284751
2789942792
651620127
2805701863
2684181893
2847455594
2601473270
2725922972
2834444023
2872345537
2509271337
2509274884
2638611619
2547699228
2579274449
2694240600
2548151487
2847468579
2510245359
2579237732
2677140506
2895014796
2834349822
2693096592
2834101791
2831283314
2675031218
2511481585
2840025961
2725929324
2628046106
2621082232
2872347356
2509273963
2911236265
2583915585
2583915117
2587773017
2587770244
2872356635
2514407802
2511555776
2847457591
2872340169
2579294642
2563303446
2563303829
2840847609
2661083777
2628734874
2675311978
650536048
2684180100
2834461594
2677143231
2524473947
2800680590
2804928395
2588079413
2900565907
2698603536
2840026885
2621083460
2641416939
2677944686
2725904305
2579280067
2509272474
2823505349
2831285343
2508507119
2508509206
2872357749
2512447410
2725913515
2837630760
2823500028
2776383350
2661083398
2546428872
2684181471
2520495796
2520495872
2589024848
2834349865
2757488006
2519044892
2661382425
2661306991
2588076650
2588078963
2894993413
2511486773
2725908803
2579253777
2672631730
2725924605
2601473038
2672961531
2914415308
2834444745
2696958062
2509272703
2823505336
2725926349
2800709768
2695790339
2508510203
2637679967
2587773962
2841659327
2517591012
2514408826
2823466135
2775975040
2729513059
2807287383
2510245671
2834460850
2559701639
2519043573
639732465
2661308473
2599138227
2599139263
2579286364
2840806938
2725909451
2725920236
2692757195
2684183656
2672633158
2725933336
2696957512
2725907086
2915084773
2633664648
2790895612
2539300147
2645964496
2793576516
2628439441
2579274587
2533931958
2632052047
2823463868
2841203511
2694240332
2846305107
2661221714
647375252
2548150415
2510243091
2834458791
2823461646
2823461633
2608658983
2608660981
2668726010
2668728187
2623240215
639732478
