gene	fucO
637218097
641873528
646542930
650491434
2511852258
2520272210
2520315665
2520418747
2520751311
2520776475
2533296810
2534217722
2533757733
2533768995
2535166652
2536110974
2537777841
2538082924
2538604132
2539007205
2539242056
2541584879
2541698098
2541597892
2541743373
2543123905
2543137138
2543631185
2543654110
2543679183
2543726970
2543752295
2543920639
2545481413
2545404691
2546383729
2546789958
2548946408
2550097860
2550766187
2550854157
2552661309
2555821338
2554801438
2555844988
2558740557
2559821563
2559804826
2559869354
2559874554
2559963210
2561347652
2563127463
2566184578
2565780434
2569017733
2568782717
2569658183
2571463034
2570215146
2570855638
2570027540
2570510885
2570964653
2572883364
2573665521
2573871288
2572459671
2572550411
2576185987
2576344640
2577246034
2578225286
2576491033
2578169086
2579916552
2579938834
2580019837
2581076805
2581568930
2582330906
2583827027
2583833195
2588545686
2588742224
2588777087
2588793634
2589738719
2589791859
2589183538
2589203236
2589849851
2589881289
2590340542
2592470479
2592513883
2597976930
2598588554
2598865758
2600613418
2601158271
2601218605
2601258309
2601322377
2601333954
2601700994
2602262659
2603666017
2601384825
2601416944
2601431143
2610637636
2610462633
2610815151
2611680871
2612364204
2611013139
2611134023
2611137019
2611650426
2611733238
2611868713
2620640880
2628897784
2628299624
2629285713
2629924943
2630473650
2631263478
2631283806
2632081624
2633222434
2633389906
2634014849
2636503293
2636628752
2638690163
2637808504
2638055517
2638666468
2640706928
2640886916
2641191227
2641206327
2641281153
2641490476
2641501065
2641714733
2645805380
2645878971
2645975035
2646163164
2647843952
2646802395
2647024808
2647359926
2648987425
2648608262
2649061016
2649317838
2649774057
2651591314
2650051874
2650111335
2650802105
2652277973
2652496689
2652560194
2653074187
2653090634
2654921333
2655092812
2655311068
2655342196
2655845389
2655980644
2656013183
2656084952
2657645639
2657421019
2657566387
2657738110
2657945245
2658107165
2659537048
2659819154
2660924800
2660285544
2660494619
2660689703
2661086417
2661272677
2661788573
2661626694
2661720774
2662510827
2662299396
2662489207
2662615073
2662701423
2662808081
2662937681
2663149596
2663276240
2663380670
2663803482
2664564034
2664608375
2664668893
2664806638
2665102815
2665153010
2665985906
2666362486
2666437908
2665989489
2666627595
2666728599
2666998555
2667112029
2667384150
2668303682
2668486522
2668648309
2668729140
2669066733
2669275203
2670089160
2670226097
2670373439
2670662312
2670824230
2671212277
2672489088
2672901420
2672505305
2673627301
2673281815
2673550625
2674256400
2674832174
2675105863
2674923291
2675285241
2675585485
2675883550
2677737496
2678573524
2682429164
2682490565
2682680745
2682804676
2682819280
2683024149
2683061381
2684898120
2684909531
2686709684
2687008166
2687658697
2687944450
2687980386
2688449015
2692184770
2692360072
2692427510
2692517728
2692816815
2693179982
2693674421
2692871382
2693603912
2693644497
2694461393
2694447440
2695818984
2696406398
2696534076
2696620639
2697262515
2697199569
2697239908
2697401242
2697425120
2697880181
2698810759
2699014981
2699475002
2699794327
2701744584
2701785731
2702211897
2702226901
2703222855
2703318336
2703323746
2703334357
2703224247
2703361961
2703968031
2704027872
2706471552
2707355402
2706438191
2707158284
2707548891
2712650971
2715721763
2715770875
2715783428
2715834297
2714864019
2714967560
2715776705
2716401977
2718608592
2718775962
2719270326
2718959802
2719345487
2719349993
2719424398
2719997180
2720338171
2720015519
2720121155
2720125722
2720754862
2720358967
2720808105
2720884815
2720939056
2720948169
2721429359
2721444301
2721139741
2721207291
2721380371
2722681118
2722819031
2723181151
2724138486
2724148363
2724164903
2723554819
2724021379
2724075331
2724859214
2725891638
2726113957
2726275048
2726313776
2730251920
2732493398
2733877037
2733887838
2733890211
2742980983
2743028030
2746234625
2745226436
2745939464
2746335736
2746577410
2746863869
2746973659
2747012609
2747017233
2747204301
2747362111
2747395507
2747463355
2747667125
2747700953
2747754173
2747768798
2748326616
2747802840
2748191583
2748229886
2748292914
2748313087
2748316330
2748345531
2748437675
2748442350
2748470534
2748504557
2748556874
2748656849
2748813681
2748838528
2748862916
2748872696
2748884949
2748892532
2748897658
2748906810
2748970677
2749015583
2749050086
2749068330
2749074062
2749178990
2749207450
2749217237
2749236046
2749240098
2749250206
2749255162
2749307419
2749312418
2749317288
2749364521
2749508128
2749532263
2749537426
2749546910
2749560960
2749589965
2749594708
2749637903
2749647388
2749675841
2749714131
2749733150
2749771255
2749838106
2749843071
2749847975
2749866668
2749895440
2749904989
2749914111
2749937231
2750061471
2750071138
2750085011
2750109703
2750114437
2750157929
2750205094
2750167577
2750186774
2750210038
2750224537
2750228941
2750243781
2750267804
2750325527
2750405748
2750415940
2750591449
2750605889
2750677784
2750692272
2750729666
2750797656
2750835051
2750874823
2750899093
2750949133
2750953525
2750959026
2750969091
2751003937
2751253926
2751258912
2751342092
2751361094
2751580800
2751374835
2751380097
2751398179
2751444039
2751451562
2751523055
2751556406
2751566315
2751575979
2751610199
2751634827
2751720028
2751744361
2751785002
2751790301
2751819996
2751834523
2751898503
2751916210
2751933262
2751952107
2751960997
2752043253
2758402887
2774562419
2774742223
2775223635
2776719194
2779202242
2779217072
2786887069
2792753827
2793863964
2807336041
2807979268
2812811032
2813055187
2813562113
2813573749
2849035486
2851017888
2851021391
2851035063
2859273008
2860574277
2861011910
2870241011
2869458068
2870437168
2874302869
2872452154
2872664200
2872671282
2874291418
2875219213
2875669948
2877538898
2878892433
2880340822
2886093210
2896812451
2896831462
2896426868
2898879352
2898885198
2900986135
2901681371
2901754450
2903339168
2905054934
2905133323
2907899762
2906120629
2906139018
2909192674
2909244379
2912536469
2916201062
2922800299
2922232217
2922297739
2922309726
2923245258
2923264333
2924935902
2925461083
2925507591
2924897203
2924982109
2925859859
2925869764
2931338083
2938749533
2938143401
2938185669
2938755458
2938778684
2939089050
2939550865
2958350868
2962164978
2962557553
2962582331
2962607586
2962610368
2965630471
2966046510
2969024384
2969067178
637603010
641307822
641857958
641881766
642118900
645283449
646909796
651064882
2505091021
2511714387
2514287758
2520861325
2519294789
2519712448
2519716241
2520399389
2520404801
2520818356
2520826054
2529793778
2531241881
2533382822
2533388343
2535163144
2535878747
2537932308
2538630533
2539801939
2540419655
2541630293
2541628454
2541638616
2543599300
2543617490
2543682668
2543822860
2543794723
2543916833
2545439847
2545455829
2545394694
2545486590
2546795681
2547168961
2548617124
2550095310
2550761917
2550920521
2550971944
2554265720
2554668760
2554857642
2555253154
2555675990
2555958301
2559826521
2559643790
2559830996
2559855820
2559887247
2559919645
2559954311
2559958387
2562911426
2563101344
2563135750
2564747353
2565094348
2565096631
2569274276
2567035054
2568733779
2569106444
2569561542
2569740667
2570194763
2571712863
2570622285
2573769938
2572375997
2572448643
2573135707
2573694263
2575122469
2576628684
2577483828
2578363535
2580144491
2580099291
2580110954
2580279278
2580327068
2580244107
2581088819
2581499007
2581654776
2581864016
2582039213
2583957937
2583990687
2585966158
2586019967
2589764359
2589772708
2589854049
2588841554
2588867181
2588889368
2588916988
2589195708
2592532784
2601127656
2601135955
2601145748
2601312852
2601528239
2601643538
2602474488
2601399789
2602935997
2610337767
2610377660
2610402187
2610441850
2610480918
2610595480
2610633053
2610584847
2610655366
2610672787
2610769511
2610846954
2610782812
2610853630
2611786427
2611811453
2610942250
2611109160
2611703538
2618887933
2621263186
2630542073
2630149582
2630705371
2631684066
2633155413
2633359694
2633369897
2633667814
2636667283
2635849230
2636788394
2637781330
2637510491
2637568792
2638247298
2638289036
2640916584
2641276777
2645851127
2641840274
2642028895
2642083959
2642112913
2642242355
2646906193
2646958677
2647039754
2647155250
2647872460
2648674190
2649049872
2649001556
2649578569
2649716518
2649949034
2650125600
2651131172
2651606401
2652562161
2652949866
2652778302
2652879604
2654827036
2654849038
2655337566
2655670484
2655832057
2655983790
2656017244
2657497432
2657545148
2657609726
2658915441
2658952048
2659054050
2659283711
2659377189
2659546986
2659560241
2659637524
2659940015
2659964486
2660395334
2660571514
2660373343
2661291005
2661409212
2661457722
2661778727
2661895239
2662229199
2662504942
2662886878
2662910286
2663115012
2663404951
2663225845
2663451509
2663766275
2664713024
2663959686
2664509046
2664546631
2664769773
2665170561
2665266091
2665370473
2665403831
2665594962
2665622421
2665689121
2665836817
2666149118
2666504288
2665909856
2667180168
2666914750
2666928390
2667023638
2667152248
2667322516
2667419390
2668447865
2669633631
2668978873
2669291766
2670248135
2670454757
2671037518
2672272484
2672567204
2673121131
2673464542
2673947911
2673795770
2674550510
2674905099
2675072687
2674969145
2675518986
2675789217
2677421495
2678070601
2678308692
2678922704
2682740623
2682754691
2682833979
2683314801
2683105267
2685347028
2687612930
2686581746
2687747688
2687971057
2688573608
2688342827
2688872068
2689121177
2691169528
2691412284
2691464458
2690787629
2690866167
2691308431
2692026419
2692314122
2692207893
2692221456
2692626032
2692675629
2692859397
2693570065
2693590026
2693972743
2693868162
2694306441
2694537267
2695661822
2695941318
2696279680
2696299715
2696323865
2696556992
2696792319
2697090462
2697474677
2697749376
2698583038
2698995740
2699163878
2699879334
2699974129
2701749338
2701759361
2703270329
2704027415
2707365215
2707162578
2707628710
2707667811
2707681546
2707697928
2707738227
2714310458
2714379246
2715377274
2715383061
2715810713
2714874074
2714972528
2715484948
2715797269
2718616302
2718742741
2719696645
2719717510
2720001740
2719308034
2719702072
2720302060
2720006339
2720342677
2720349955
2720354460
2720404569
2720537839
2720546449
2720892418
2720934551
2721073817
2721225905
2721674912
2722579864
2722802860
2722942523
2722980031
2723212398
2723228832
2723480851
2723617470
2723909157
2723920491
2724025947
2724773342
2724782711
2725861196
2726091401
2726098405
2726108248
2726126019
2726159118
2726179931
2726284986
2726408392
2726508243
2726544026
2726604576
2726614320
2727062868
2727162671
2728619932
2729406547
2733855918
2733883180
2735016221
2742851412
2742906983
2742683147
2742923776
2742985189
2745030457
2746386424
2745428854
2746210535
2746887886
2746906848
2746955104
2746979380
2746983669
2747094751
2747113324
2747127021
2747146975
2747152659
2747166357
2747280579
2747290612
2747299600
2747343024
2747357513
2747381239
2747400444
2747419219
2747505383
2747538304
2747552865
2747558180
2747576824
2747591151
2747729323
2748134553
2748287938
2748374219
2748412991
2748499969
2748566849
2748585094
2748609978
2748823916
2748853445
2749035074
2749040068
2749054545
2749078893
2749121816
2749131477
2749168810
2749288479
2749556338
2749369601
2749436825
2749446246
2749498505
2749613838
2749623326
2749951630
2749718049
2749766128
2749790557
2749809550
2749832794
2750003887
2750162887
2749980377
2750050237
2750124403
2750129223
2750291156
2750335049
2750377150
2750382419
2750420301
2750477693
2750482602
2750515228
2750567280
2750634683
2750663350
2750715666
2750768182
2750825153
2750845079
2751357901
2750869210
2750904447
2750929270
2751008870
2751194136
2751218943
2751224500
2751298733
2751313683
2751323571
2751479601
2751385126
2751413103
2751427089
2751493915
2751508977
2751517530
2751542176
2751546966
2751561091
2751624969
2751629902
2751680014
2751749539
2751795414
2751844395
2751854366
2751869340
2751894203
2751947447
2751990671
2752019342
2752038693
2758401550
2769222841
2774906588
2778914949
2778927873
2774946681
2779230517
2779218985
2792755544
2793858297
2793879915
2793885704
2810192937
2813059359
2813203513
2813566617
2825467578
2825505099
2837470756
2847586488
2847566681
2847569115
2851444053
2851461763
2850587652
2860590881
2860613315
2860996326
2870455431
2872659450
2874320158
2875276283
2875647990
2875654569
2875664722
2876533420
2877546833
2877921463
2877929337
2878878652
2880018146
2898834942
2898864236
2897296160
2897300975
2900997241
2901733365
2901705011
2903331932
2903343958
2903364608
2906133546
2906180916
2907821129
2907865494
2907907251
2908556251
2909209687
2912066641
2915834390
2915820360
2915868584
2916637045
2919110217
2916217255
2916234018
2916631390
2922258920
2922823024
2925481392
2924909054
2925486034
2925874883
2938212771
2938120397
2938194551
2938757829
2939067194
2939097621
2958354625
2962592719
2962595456
2962758964
2965653975
2965659006
2965691246
2965697860
2966023648
2966058261
2969096826
2969415184
2969417990
2969472867
641324123
642123893
642166693
642172267
651165639
2511973863
2512805360
2519306013
2519379610
2519385738
2519698350
2520780444
2520764689
2531176560
2531270316
2533308397
2534335133
2535475788
2536095913
2537919652
2538054729
2538087399
2538633780
2541622358
2541709733
2541716383
2541673281
2543140996
2543674308
2543132149
2543587663
2543633874
2543649519
2543658708
2543699952
2543711555
2543720836
2543733634
2543766507
2543778345
2543781151
2543835784
2543876652
2545472791
2545451394
2545882913
2555952923
2558642208
2559630920
2559814143
2559875193
2559892263
2562358939
2563089571
2563128851
2563729301
2563985819
2565085046
2567039571
2569816613
2569870350
2570349738
2570635266
2570647981
2570603788
2571671732
2572590825
2573586663
2573983905
2575755713
2577765020
2580372445
2580873619
2581576025
2581721701
2582261016
2582349135
2582372945
2589747794
2588784397
2589475769
2589752954
2589779505
2589786431
2589797228
2588884839
2588890415
2588928923
2589205801
2589813132
2589870886
2590337015
2592521610
2592602495
2592607971
2598253857
2601228116
2601173945
2601207751
2601658754
2601705779
2601751612
2602018527
2601363035
2601368932
2601437222
2601459427
2601463138
2602448917
2605145143
2610385826
2610475476
2610496543
2610501935
2610534061
2610550447
2610578997
2610611898
2610456921
2610601564
2610648488
2610683489
2610710502
2610753815
2610763287
2610777874
2610800523
2610924220
2610962815
2611739048
2618879425
2618370144
2618898375
2619457707
2619608764
2620599602
2630547909
2633199735
2632219921
2633242649
2633402997
2633720567
2633935217
2637223571
2636970711
2637076838
2637182954
2637207100
2637566456
2638607653
2637443490
2638015589
2639410793
2640751794
2640989747
2641153639
2641248872
2641688308
2646763190
2647034142
2647235807
2648101449
2648529855
2648653507
2652774882
2651770526
2652704524
2655875438
2655912771
2655952492
2655968221
2655997800
2656048259
2657900566
2657948564
2658057879
2658077870
2658186777
2658299659
2658317630
2658948986
2659029182
2659253293
2659620506
2659805911
2659829651
2660283289
2660358594
2660920531
2661653553
2661825039
2661967706
2662283975
2662387728
2662475108
2663273794
2663328451
2662989936
2663519632
2663903036
2664618327
2664622881
2665126925
2664799370
2664813368
2664830102
2664942567
2665366713
2665935236
2666439065
2666623180
2667100294
2667374826
2667388969
2668637195
2669272405
2669030536
2669151781
2669802932
2669881803
2670043432
2670406339
2670480999
2670521339
2670431738
2670723298
2672014589
2672361398
2672945906
2673292869
2674220577
2673962179
2674875557
2674299604
2674665861
2675043609
2675090201
2675262327
2675723458
2677399417
2678298846
2678327002
2683067160
2682424784
2683474539
2683484219
2683714694
2684809196
2684895285
2684080382
2686936154
2688667750
2688883081
2689283145
2690723747
2690799094
2690845485
2692142707
2692397730
2692633156
2692964634
2693091896
2693213459
2693816219
2693849309
2694340567
2694198139
2694290724
2695673351
2695896872
2696025792
2696041812
2696500258
2696508606
2696562072
2696775871
2696786932
2696981133
2696986673
2697391785
2697698545
2698636823
2698669139
2698769787
2699116997
2699192353
2699695603
2699714138
2699913866
2701739144
2701824902
2701990538
2702206961
2702217485
2702236296
2703306146
2703312867
2703345960
2703357781
2703303382
2703368655
2703371533
2703383701
2703393471
2703986220
2704016573
2704046846
2707637409
2707167758
2707544829
2707614143
2712310983
2712314501
2714852615
2714867564
2714982764
2714992301
2715767827
2715866419
2718784931
2718907718
2719556636
2719330318
2720307804
2720319220
2720116643
2720130230
2720452876
2720812610
2721042236
2721496302
2721055787
2721339418
2722928949
2722566345
2722570851
2722652561
2722668375
2722735190
2722937960
2723174770
2723196538
2723221515
2723322719
2723341140
2723371520
2724127073
2724153929
2723633274
2723913659
2724011295
2724765500
2724778749
2725714819
2726339199
2726191825
2726268460
2726330111
2726353943
2726359218
2726368089
2726548532
2726610847
2729412620
2729267471
2729401305
2729438293
2730066840
2730242488
2730924797
2732827887
2730326751
2730921198
2733838225
2738615882
2742845843
2742550604
2742664476
2742862176
2742954227
2742962265
2742974716
2742996942
2743002605
2742940227
2744425468
2744760859
2743332755
2743359239
2744610284
2746186267
2746520422
2746611423
2746930191
2746950054
2746993231
2747065627
2747079643
2747124015
2747161811
2747175611
2747223033
2747241932
2747319733
2747409968
2747424066
2747457652
2747471914
2747500015
2747509792
2747523827
2747548209
2747567243
2747610503
2747615226
2747634117
2747638777
2747658307
2747672569
2747681717
2747691883
2747696272
2747758552
2747777683
2747788303
2748167322
2748186285
2748278513
2748283261
2748307439
2748350584
2748369933
2748399199
2748421930
2748446749
2748456087
2748484488
2748509009
2748533059
2748575628
2748642627
2748680514
2748788895
2748722826
2748727522
2748756391
2748766216
2748770025
2748780462
2748858276
2748887695
2748911765
2749030347
2748946445
2748961339
2748986333
2749088307
2749108096
2749140905
2749145525
2749150416
2749226557
2749231392
2749293742
2749302196
2749326778
2749431675
2749455818
2749465365
2749474963
2749642640
2749661445
2749666069
2749679955
2749737894
2749819193
2749889964
2749928188
2749947099
2750009233
2750104386
2750138752
2750143589
2750172664
2750196190
2750220123
2750239100
2750247945
2750563273
2750354095
2750387258
2750463426
2750473095
2750487115
2750496459
2750595827
2750610532
2750653672
2750673196
2750811815
2750884588
2750913675
2751208952
2751288446
2751337952
2751456160
2751467855
2751499358
2751595112
2751615186
2751654930
2751659927
2751695026
2751814802
2751969503
2751971113
2752005039
2752028592
2752033479
2752086560
2756786706
2774003108
2758378717
2774740929
2786688338
2793901694
2793872075
2813005087
2825464076
2825502975
2835265300
2837471537
2847575810
2851456991
2860626985
2861001589
2869433539
2870447202
2872444450
2871683757
2874293319
2874311924
2875223344
2875229752
2874334746
2876535517
2877905808
2877911095
2877936152
2877941256
2880011606
2880029888
2880319076
2880320920
2880330763
2886118319
2888688704
2888324332
2888695492
2896779776
2896817574
2896825789
2898875177
2900958455
2901736766
2903337249
2903354807
2905058843
2905126918
2906117119
2906210286
2907848881
2907854263
2907876591
2907883778
2907894825
2908949888
2909173831
2909214928
2909224983
2912030442
2912041509
2915816748
2916184782
2916185943
2916614470
2917340729
2917361271
2917366521
2917376790
2922297763
2922838441
2923270805
2925471661
2924962180
2925849665
2925852888
2938138138
2938804631
2938806245
2939115898
2939577119
2958328400
2962138303
2962145783
2961610206
2962562312
2965613834
2965646386
2966009357
2966053484
2969052517
2969085975
2967478642
2969069120
2969429638
2969447747
2969478387
643363837
637213681
642748147
642777274
643235825
646599634
645334193
2505109806
2512024566
2520193263
2520284719
2520407736
2520756073
2530309729
2530583041
2532882478
2533325552
2535158581
2535472879
2538055641
2538608730
2541694727
2541723854
2541730376
2543574456
2543578145
2543639676
2543670361
2543689008
2543702615
2543812862
2543831257
2543905579
2543931079
2548883790
2547213064
2550755469
2550934008
2552260729
2553121777
2555194508
2555210222
2552939354
2554834034
2554869403
2555640815
2559639464
2559800206
2559915964
2559940259
2559944389
2559976789
2562904876
2563097815
2563112531
2563116166
2563590458
2564313981
2565310898
2567210952
2568829065
2569745332
2569337362
2571556436
2573103936
2573623933
2573842433
2575178846
2575267949
2574944540
2575899935
2577441313
2576693310
2576909540
2577635771
2580507217
2580690440
2581070552
2581504878
2583664488
2582484368
2583775843
2588525983
2589834299
2589839465
2590326941
2588823330
2588924507
2589223428
2599409884
2600627463
2601213553
2601139812
2601188668
2601201240
2603838723
2601231415
2601246108
2601409843
2601696756
2601716382
2601731328
2601740677
2601394545
2601413110
2601726788
2602257573
2602385945
2603844018
2610355368
2610390735
2610412272
2610070837
2610512592
2610536339
2610893939
2610721235
2610858049
2610836744
2610929933
2610954421
2610958741
2610970027
2611791474
2611694439
2611700207
2611895141
2612154452
2612184080
2618376266
2618982729
2620586099
2620635658
2620693783
2629091103
2631767840
2632447492
2632836463
2633465471
2633844924
2637158936
2636872148
2639593826
2640637978
2641002767
2646059041
2646432704
2647880944
2648640150
2650012768
2650087393
2650147513
2650775516
2651023892
2651292904
2651833313
2655505769
2655840797
2655972734
2656026840
2656074752
2656075813
2656493745
2657694006
2657444220
2657540269
2658831872
2659126386
2659189753
2659440712
2659727086
2659979342
2659294220
2659298569
2659356440
2659416552
2659838111
2659931387
2660271649
2660510449
2660434329
2660526626
2660678479
2660758696
2660796355
2661040613
2661201176
2661391591
2661512264
2662096664
2662125910
2661630338
2661712386
2661889957
2662380051
2662532197
2662802546
2662904696
2663094238
2663122499
2663931853
2663831362
2664514632
2664783211
2664912902
2664983177
2665131505
2665272920
2665336573
2665534939
2665733807
2665519906
2665541800
2665561322
2665585836
2666039140
2666401878
2666691972
2667054717
2666987722
2667077122
2669267030
2669581473
2670186236
2669038527
2669425031
2669719059
2670159395
2669785928
2670031531
2670114349
2670136587
2670139899
2670736321
2670868778
2670215490
2670260990
2670618367
2672031936
2672298045
2672500912
2673116359
2673500791
2673617417
2673918979
2674495084
2674278064
2674512482
2674577336
2674983182
2675548748
2675807034
2675813640
2678096614
2682829006
2682814487
2683030177
2682839501
2683072451
2683727774
2683076421
2683307688
2683694990
2684198859
2687625063
2687927471
2687604193
2687989579
2691133183
2690771881
2690886001
2691715858
2691793445
2691945917
2691982196
2692240650
2693799358
2693825145
2694051798
2694107376
2694348536
2694403221
2694429797
2695846424
2695918987
2696244696
2696288844
2696459933
2696785408
2697374528
2697719442
2697799692
2697847701
2697895301
2697933732
2697961376
2697966361
2698742019
2698967067
2699447861
2699529384
2701627894
2701724320
2701734231
2703230731
2703252058
2703375679
2703955183
2703987780
2703429346
2707347374
2707360640
2707495761
2707623140
2707648335
2707662287
2707690900
2712380859
2712529249
2715858014
2715716867
2715846878
2714978049
2715791871
2716410026
2716411522
2718625317
2718953333
2718964796
2718974033
2719219885
2719539811
2719691196
2719711729
2719298948
2719313123
2719915545
2720285921
2720134800
2720143921
2720716874
2721046741
2720409074
2720521723
2720925539
2720930043
2721060293
2721069310
2721202719
2721216831
2721221339
2721230412
2721669251
2722594519
2722924443
2723545810
2722947030
2723257212
2723317786
2723332129
2723336634
2724132582
2723622037
2724768605
2725179609
2726079105
2726085235
2726106258
2726111977
2726158600
2726169208
2726219405
2726294888
2726309653
2726323730
2726373573
2726402718
2732825129
2733867958
2742930319
2742788571
2742811728
2742901797
2742668911
2742936055
2743022468
2743521819
2743747480
2743354288
2744618401
2746244414
2746549304
2746568610
2746587338
2746601975
2747007880
2747103559
2747137282
2747142822
2747405039
2747184190
2747247624
2747251927
2747285636
2747295080
2747304356
2747323986
2747495726
2747528339
2747533550
2747573172
2747600832
2747629488
2747653364
2747677264
2747706424
2747719510
2747725328
2747749119
2748143230
2748157061
2748244512
2748270042
2748321519
2748404103
2748356298
2748360619
2748379483
2748389347
2748494005
2748514087
2748580389
2748590055
2748652778
2748661335
2748671414
2748685728
2748699961
2748704286
2748732534
2748746446
2748785232
2748799259
2748819003
2748848483
2748867905
2749000582
2749010863
2749063781
2749102817
2749155032
2749174245
2749183614
2749188171
2749245514
2749283867
2749355532
2749360008
2749403176
2749417620
2749422469
2749479661
2749512660
2749565877
2749569659
2749598726
2749604054
2749900226
2749942430
2749995078
2750018721
2750059712
2750066210
2750118664
2750177410
2750215107
2750272772
2750359136
2750367855
2750372932
2750539239
2750548911
2750773317
2750577198
2750582270
2750600660
2750620471
2750629535
2750658132
2750706064
2750734975
2750782703
2750787228
2750840819
2750924466
2750993881
2751233937
2751243677
2751308829
2751408422
2751423033
2751436977
2751504488
2751513090
2751665101
2751640008
2751669898
2751674625
2751685003
2751699929
2751724825
2751779898
2751849374
2751859355
2751864308
2751874319
2751918341
2751975786
2751985768
2752009759
2752072615
2753966206
2772288214
2777019888
2774920348
2775346878
2776707398
2777025683
2779235644
2779239754
2780714179
2784247458
2789790295
2793854363
2793920383
2810871627
2812860708
2825476412
2825539233
2825485660
2825488759
2825509794
2841706556
2846261060
2846265047
2847554079
2847557982
2849908894
2850995903
2851042976
2852244902
2859248612
2860579556
2860611149
2860402473
2860579395
2860990835
2861019586
2861036737
2869440358
2872449804
2871647859
2871671673
2874331369
2875252222
2875634271
2875639407
2875648697
2875659401
2875676971
2876501674
2877561537
2876533396
2877900658
2878870864
2878886693
2878909940
2880312482
2880325914
2880358686
2898881513
2900950577
2900975107
2901702104
2903305776
2903317912
2904516855
2905129601
2905146727
2905065220
2905151004
2906147182
2907812692
2907819018
2909187822
2909235391
2912546744
2912050129
2913104432
2916622879
2916251233
2916613932
2917378958
2917388749
2922306184
2922833895
2923280463
2927799611
2925478815
2925496068
2925513144
2924885997
2924891614
2924923267
2924950529
2924966751
2925811457
2925826567
2929368734
2928857630
2938154659
2938763336
2939553783
2939117758
2958335810
2962136282
2962175188
2962127276
2962547451
2962570356
2965640805
2965674432
2966016415
2966048704
2966066686
2969038726
2969030275
640800191
640918122
642136044
642743324
642786306
651548456
2519302511
2520263349
2520275095
2520365207
2520758399
2535139099
2535869809
2535767010
2537030292
2537924052
2538626791
2540283919
2541613190
2541591371
2541643473
2541728801
2541736556
2543148134
2543151660
2543593889
2543611308
2543624878
2543743731
2543761217
2543785532
2543808246
2543817499
2543886639
2543927004
2545966813
2545470062
2546757588
2549813269
2550929725
2550966291
2550977516
2552265895
2554794884
2554856293
2555677859
2555947881
2559635209
2559648066
2559846617
2559863908
2559926299
2559980117
2559985601
2560000724
2562971585
2563121099
2565303252
2565314234
2569208146
2569311129
2569491921
2569718754
2571211241
2570353306
2571153190
2571355727
2572010417
2572081634
2573157133
2573418102
2574764940
2576137620
2577063255
2578647534
2580165001
2579880408
2582200532
2582379344
2582469764
2583811198
2583926988
2589816149
2588803106
2589807178
2592528446
2588849767
2588904518
2588919120
2588933452
2589188298
2590331703
2592501569
2597992076
2598541824
2601131485
2601189865
2601196557
2601203936
2601251750
2601264904
2601326382
2601352871
2601736340
2602270142
2601372328
2601379839
2601391001
2601449765
2603876830
2606049186
2606146869
2603848879
2610523520
2610732597
2610863769
2610675958
2611888953
2611117733
2612538372
2618384379
2618893764
2629927873
2630284152
2630359678
2630543078
2631605377
2631654012
2631836785
2633306956
2633516487
2633966040
2635885356
2636542892
2637967076
2637527277
2638019451
2638143420
2638262447
2640465336
2641075643
2641653063
2641833661
2641894237
2641974544
2645907666
2645994457
2646120583
2646631248
2646604884
2646992396
2647690677
2647694511
2648160033
2648325907
2649011261
2649231316
2649939938
2650851310
2652945356
2652986426
2655664547
2655947986
2655993285
2656031352
2656054118
2656569067
2657732054
2657906211
2657812503
2657917705
2658033154
2658171312
2659234018
2658934925
2659423485
2659697412
2660250086
2660607229
2661478002
2661615865
2661675659
2662130923
2662173203
2662220531
2662468306
2662288369
2662640200
2663053065
2663174740
2663096790
2664708417
2664499590
2664934705
2665064089
2665199225
2665230505
2665566691
2665298161
2665647170
2665747022
2665761956
2665796742
2666161376
2666203603
2666675465
2666739159
2666809095
2666897545
2668652546
2668767267
2668803445
2669287321
2669569967
2669655168
2669664650
2670012698
2670151600
2670232852
2670294520
2670633345
2670235368
2670507624
2671024282
2671963063
2672513237
2672890092
2672605826
2672982703
2672986115
2673386561
2673132148
2673186984
2673966897
2674049257
2674267296
2674485856
2674619035
2674885429
2675059039
2675405319
2677445180
2677767848
2677862837
2678536411
2678723771
2683515140
2683717906
2683968176
2683973534
2683977964
2684905020
2684199405
2687164197
2687850034
2686931243
2687743149
2687752626
2688568364
2688753187
2689948448
2692007270
2692395083
2692339124
2692573002
2692777510
2693795512
2693047811
2693451826
2696060325
2695801237
2696080655
2696231355
2696966345
2697634937
2699077294
2699912862
2701714578
2703296723
2703943411
2703996461
2703389313
2704015520
2704056758
2704075153
2707580075
2707609432
2707619035
2707633328
2707756112
2707710310
2707750049
2707768771
2714374344
2714386478
2715733089
2715788376
2715828287
2714987461
2715806418
2716229857
2716392105
2718768641
2719276176
2718946017
2719212629
2719224389
2719228894
2719533912
2719545048
2719513212
2719830780
2719835285
2719910928
2719920145
2720296190
2720010885
2720413578
2720422586
2720526228
2720533266
2720551009
2720829703
2720834208
2721212244
2721686140
2721691965
2722914204
2722584376
2722739697
2722933455
2723207840
2723216947
2723233336
2723345645
2724853082
2726084196
2726136277
2726166338
2726173328
2726202922
2726211900
2726290578
2726333776
2726378846
2726391511
2726413087
2726462825
2730263299
2730331948
2742805868
2742884409
2742673997
2742688111
2742871132
2742958005
2743007199
2743037119
2743342210
2743348431
2744593722
2744600453
2745221072
2746111554
2746264419
2746527149
2746959361
2747180489
2746868547
2746873112
2746892257
2746916296
2746964567
2746969610
2747021694
2747056063
2747060781
2747189832
2747199216
2747257145
2747338538
2747367014
2747428803
2747452921
2747485581
2747515172
2747561660
2747586331
2747715322
2748224538
2747797466
2747807644
2748162766
2748254062
2748305203
2748331101
2748364989
2748407388
2748451299
2748432213
2748561573
2748605130
2748614351
2748690557
2748694623
2748843528
2748808934
2748829008
2748877721
2748920895
2748941766
2749083356
2749098184
2749160029
2749212498
2749297753
2749340816
2749350444
2749374523
2749412857
2749427072
2749441429
2749541520
2749574762
2749671132
2749690410
2749704428
2749727899
2749744940
2749804614
2749861924
2749871243
2749880885
2749961480
2749966382
2750023662
2750075885
2750080633
2750090086
2750152797
2750234483
2750281707
2750339677
2750425040
2750434790
2750501451
2750520473
2750534790
2750558386
2750682154
2750696851
2750710820
2750720307
2750759498
2750865149
2750777994
2750792225
2750821913
2750830411
2750888565
2750938712
2750972931
2750984249
2751263504
2751274713
2751278062
2751318219
2751328070
2751351844
2751393846
2751469941
2751484673
2751489419
2751995245
2751754836
2751805429
2751904183
2751908513
2751928414
2751999942
2752062612
2752096166
2755728122
2776712772
2779209020
2780718245
2782351845
2784128598
2786855956
2791512066
2793896383
2804610256
2825495189
2835265580
2843976312
2846275484
2848627094
2849914057
2850585253
2850999167
2851004965
2851009362
2851033500
2851929017
2859264215
2860405919
2861014982
2869456343
2870226573
2870231961
2870450292
2871637751
2871657778
2874295981
2875238903
2876525380
2876542485
2877550929
2877577986
2878877948
2877895350
2878897930
2880037563
2898838763
2901698579
2901725043
2903313067
2903348257
2905078340
2905070618
2905110328
2906182403
2906185861
2909186235
2909219884
2912565488
2915864800
2916614765
2916211711
2916242870
2917323284
2917351078
2922218159
2922224310
2922237693
2922297325
2922869018
2923256868
2924903092
2924939322
2924971434
2924976857
2924978018
2925833865
2925839044
2930922985
2938132489
2938164709
2938208005
2938796007
2939106721
2939108065
2958310287
2958313383
2962121658
2962153911
2962177601
2962155582
2962565262
2962575081
2962602515
2965619606
2965624990
2965689128
2965665582
2966031767
2966035942
2969017923
2969468047
637641814
638785378
642772759
643731112
2514556348
2519706085
2520423165
2520853428
2529908493
2529901799
2532579591
2533291747
2533312903
2533319001
2533332920
2535802116
2539003787
2539119586
2540544329
2541659928
2541667534
2543118758
2543156941
2543547850
2543603744
2543645031
2543666291
2543895925
2543792143
2543757840
2543842225
2545416493
2545461470
2546398758
2550312958
2548943101
2549019911
2550924881
2550984264
2554798237
2555258354
2554838701
2554871404
2555753470
2559142101
2558582651
2559314510
2559795428
2559810428
2559833196
2559902677
2559932113
2559989859
2562438932
2562914734
2567030372
2567207292
2567216690
2569930635
2569963884
2570617640
2571363848
2571698223
2571725042
2572786527
2572918252
2573346595
2574076189
2576045886
2577142566
2577983288
2579370850
2580534775
2581064983
2583749524
2582432070
2583246040
2586377201
2588564215
2588815642
2588783595
2589844393
2588831346
2588832855
2588857945
2588873176
2589874423
2592496353
2592507120
2597983858
2597999197
2600617421
2601179403
2601288784
2601303012
2601346521
2601421630
2601427515
2602372627
2602495482
2602638068
2603872004
2610367566
2610394958
2610467694
2610486588
2610566140
2610606549
2610622745
2610559914
2610689125
2610716087
2610759558
2610792590
2610820351
2610829675
2610874805
2610905656
2610936537
2619273212
2619410086
2629238125
2629717440
2631290012
2631477610
2631693998
2630856426
2631355396
2631591934
2633166207
2632100622
2632178607
2632242063
2632897666
2633210262
2633789291
2633341279
2636639657
2635506893
2635836645
2636929092
2637101891
2637300719
2637351309
2637479264
2638097385
2638403381
2639311923
2639444844
2639583526
2640737387
2640528689
2641265539
2645790319
2646250529
2647002317
2647177526
2648258924
2648708026
2648772525
2649086826
2649314089
2649573031
2649722621
2650781255
2651270344
2651632829
2650068376
2653009390
2654990695
2655819764
2656007104
2655303093
2655312200
2655316686
2655522460
2655836284
2655963707
2656002253
2656040436
2657417346
2657550979
2658164659
2657865003
2658064230
2658111815
2659012069
2658968017
2659371866
2659433805
2659704645
2660330244
2660542634
2661139946
2661520083
2661335882
2661389358
2661466893
2661776876
2661658604
2662015567
2662116921
2662187511
2662524513
2663338705
2663918982
2663951335
2664589104
2664865734
2665073692
2666757988
2665633497
2665820472
2665869358
2666553603
2666684726
2666790212
2666966968
2667119689
2667142391
2667270135
2668950352
2668296828
2668739327
2669122790
2669279453
2669341658
2669447376
2669455994
2670344601
2670741598
2670433110
2670545737
2670574538
2670666937
2670729229
2672295162
2672393063
2672671047
2673266181
2673524937
2673719644
2674199155
2674234505
2674640672
2674559433
2674879735
2675460370
2677774131
2678233227
2677288912
2677992031
2678271326
2678843340
2678890200
2682809698
2682854078
2683702991
2685229701
2685234298
2685243641
2685342163
2685352032
2688127346
2687229859
2687666139
2687680748
2688548847
2688888192
2690733865
2690917806
2690908240
2691791088
2692546226
2692593387
2692854686
2693788317
2694121454
2693150793
2693761816
2693918790
2695582956
2696238990
2696248166
2696518697
2696975858
2696800111
2697126656
2697447122
2697708283
2697743878
2698871503
2699995988
2701720068
2701781653
2702222067
2703276369
2703330722
2703341676
2703290568
2703399399
2704000143
2707366216
2707570654
2707642894
2712380462
2712520303
2714859079
2715726974
2714963563
2715762523
2716223518
2718661378
2716397770
2718620808
2718764132
2718799313
2718978582
2719078776
2719203610
2719526201
2719685938
2719723253
2719340982
2719447830
2719452333
2719550988
2720291008
2720020070
2720139368
2720737078
2720363472
2720418082
2720594761
2721680712
2722661626
2722672887
2722753206
2723438700
2723185716
2723416156
2724159529
2723550314
2723888253
2723895110
2723904343
2723922979
2724838279
2726183227
2726187079
2726199098
2726343877
2726364363
2726385695
2726398049
2728374063
2730237318
2729427926
2730075851
2733821375
2733832141
2733851951
2733862976
2742632505
2742797689
2742875957
2742880060
2742892606
2742947670
2743012776
2743360743
2743366649
2744056392
2746558712
2745121228
2746249273
2746472106
2746501582
2746530081
2746534577
2746540034
2746554094
2746573344
2746592355
2746902273
2746925657
2747003020
2747031485
2747045687
2747085241
2747098985
2747109013
2747118206
2747261976
2747266918
2747271119
2747275679
2747309657
2747333480
2747352236
2747376142
2747437835
2747447661
2747491058
2747643736
2747648677
2747662862
2747711216
2747735264
2747739853
2748153147
2748196059
2748200517
2748209524
2748215316
2748258675
2748273979
2748297428
2748647136
2748427552
2748518651
2748542755
2748571632
2748595282
2748600209
2748618830
2748632810
2748666027
2748676686
2748751343
2748742111
2748761212
2748775367
2748794591
2748833330
2748902295
2748916796
2748931512
2748951638
2748966071
2748990764
2749025170
2749059348
2749093292
2749112313
2749125899
2749259765
2749273806
2749278944
2749379353
2749388897
2749407404
2749460353
2749470057
2749488933
2749585046
2749633160
2749723586
2749656926
2749709120
2749752341
2749757252
2749761582
2749795314
2749814444
2749828025
2749852524
2749857295
2749876182
2749919052
2749971132
2750002631
2750014159
2750028416
2750037913
2750052153
2750099969
2750148315
2750258483
2750200435
2750263043
2750310960
2750320426
2750344689
2750349318
2750401287
2750439516
2750448459
2750453736
2750511342
2750530364
2750553074
2750624774
2750649051
2750763472
2750806073
2750879658
2750894795
2750919421
2750979006
2750988634
2751199141
2751204519
2751447280
2751460364
2751532390
2751551447
2751704856
2751729454
2751734830
2751824748
2751829814
2751839584
2751889081
2751923288
2751981127
2752052917
2752058136
2752082084
2752106229
2755121960
2772287754
2778910053
2779246603
2791497344
2793909179
2812998441
2813224150
2813557953
2825514943
2825526803
2825529148
2843971166
2849030532
2851828512
2852249783
2850577425
2851024206
2852367816
2859266730
2859276868
2859729840
2860602342
2860619203
2860584899
2861029325
2869464029
2869468910
2869881849
2870440345
2871654072
2871679686
2872654793
2874307165
2874314358
2876507526
2876521972
2876532475
2877534198
2877569829
2879996564
2880040576
2880346070
2880351644
2891964932
2896790935
2896805954
2896820128
2896421811
2897289171
2901669860
2901739157
2901745825
2901751454
2901706047
2903324994
2903369406
2906142453
2906158748
2906164963
2906171942
2906206604
2906193718
2906200418
2907830331
2907915939
2908841658
2909197033
2909239589
2912556544
2912081051
2913093274
2913102240
2915838389
2916195590
2917356071
2922817284
2922247798
2922253065
2922313432
2922873955
2923283116
2925466079
2925515577
2925521533
2924948572
2938147693
2938181471
2938202024
2938773953
2939082423
2939092676
2939529325
2958297574
2958337796
2962184194
2962189436
2962553414
2965608010
2965638593
2966038755
2969045540
2969057980
2969075093
2968463578
637406586
638780653
642738499
643361097
643371184
646990357
647151533
647940051
649677879
651247245
2514284393
2519290321
2518846469
2520354333
2520360726
2520369842
2521375784
2529914046
2529891427
2531239044
2532924134
2536296757
2536628152
2536634014
2538621688
2540709791
2541703573
2541600790
2543566078
2543568449
2543109751
2543125585
2543660473
2543850199
2543858616
2545430218
2545433644
2545448089
2545961477
2545491109
2546408302
2547836760
2549317740
2552177582
2554847921
2555999587
2555963438
2559964934
2559838201
2559849313
2559896831
2559927585
2559945562
2559969869
2562365410
2565775665
2569169296
2569454388
2569549696
2569429617
2569469663
2569953189
2570251527
2572866830
2572656675
2572932544
2577755879
2576499027
2580444460
2580481062
2580908314
2581708948
2583660152
2581950335
2584043476
2586135856
2588531699
2588551260
2588798261
2589477891
2589823619
2588861703
2588909320
2589756594
2589863286
2600619696
2601150315
2601153336
2601162997
2601166875
2601224033
2601260252
2601523080
2601648407
2601711364
2601378692
2606176593
2606070451
2609963968
2610334609
2610373864
2610419961
2610425342
2610320194
2610492411
2610555947
2610452727
2610660015
2610665676
2610705196
2610725782
2610737485
2610808070
2610842419
2610881007
2610869661
2610899305
2612105305
2612315132
2612325254
2611231828
2611653573
2618878895
2620590696
2620595210
2621201249
2633315270
2631827672
2632171363
2632557817
2632366751
2632486641
2632553179
2632885970
2632926619
2633196901
2635555780
2636562756
2636845265
2637791292
2637729195
2638104260
2638359459
2640683259
2641050284
2641142631
2641210067
2641320192
2641364260
2641376983
2642071674
2642220776
2641748305
2641775980
2646030688
2645914264
2646337793
2646832844
2647026191
2647159750
2647630425
2647644743
2647958906
2648215608
2650970543
2650076710
2650097943
2650153778
2650900545
2650955410
2651575296
2655215089
2655065629
2655854740
2655857945
2655959179
2656020159
2656068918
2657409765
2657519617
2657542994
2657701292
2657763257
2657831892
2657958032
2657969794
2659216036
2658999038
2659741079
2659879938
2659890528
2660246187
2660615856
2660806097
2661423788
2661797519
2661801517
2661737397
2661748147
2662622699
2662918497
2662730559
2662756921
2663014388
2663057181
2664629018
2664694779
2663479803
2664505124
2665099530
2664750416
2664794610
2664845582
2665720433
2665342035
2665643176
2665860455
2666014099
2666238643
2666410263
2666719239
2666818947
2666982849
2667015648
2667283242
2668470837
2668715317
2668744402
2668808049
2669361752
2669024365
2669342954
2669585273
2669877606
2669860916
2669903436
2669940241
2670180439
2670795265
2670811953
2670971982
2672424911
2672339654
2673010206
2672821203
2673044439
2673072573
2673200251
2674017568
2674178978
2674863101
2675229029
2675502261
2675600064
2675605999
2675750932
2678253871
2678651653
2677485415
2677601578
2678167839
2678270366
2682824116
2682844534
2682849822
2682918621
2683083716
2683089399
2683181796
2683519614
2683690182
2683963972
2683982789
2685243275
2689102323
2689107074
2689158709
2689410938
2690746042
2690775477
2691799677
2691399337
2691687679
2692790303
2694076785
2694085912
2695605350
2695775366
2695908701
2696131411
2696381749
2696527919
2696586980
2697035042
2696715515
2696733048
2696829852
2697179317
2697542582
2697793434
2697856153
2699005954
2699091273
2701729728
2701770104
2702231406
2703236427
2703242300
2703249047
2703264439
2703282008
2703351398
2703413502
2703414780
2704005679
2704054262
2707513856
2707677174
2707350707
2707498590
2707672323
2707792922
2712343229
2715822918
2715852338
2714869168
2715813626
2718600978
2718645394
2719107510
2719264828
2718793984
2718983087
2719259383
2719281817
2719300694
2719431492
2719440506
2720555607
2720817114
2720880311
2721189198
2721193704
2721343185
2721550434
2722657066
2722744201
2722748700
2722828941
2723157805
2723133227
2723816493
2724842397
2725726525
2724753830
2725210243
2726123518
2726103682
2726140959
2726154979
2726168647
2726204263
2726271026
2726304212
2726319582
2726348794
2726393084
2726513701
2730057394
2730062257
2730867628
2733840962
2733873523
2733901273
2742896327
2742970628
2743340004
2745934559
2746562957
2746582471
2746597278
2746606601
2746878332
2746897451
2746921240
2746940350
2746943978
2747041126
2747075260
2747090096
2747171186
2747194122
2747213819
2747227512
2747237837
2747314030
2747329051
2747348081
2747388309
2747414713
2747442940
2747466970
2747793120
2747480831
2747619488
2747624926
2747686879
2747744016
2748138695
2748182033
2748221003
2748233961
2748248634
2748393559
2748709745
2748460750
2748465524
2748474796
2748479294
2748489686
2748546887
2748552283
2748623662
2748628916
2748717587
2748936891
2748804220
2749005052
2749020802
2749135933
2749193062
2749197819
2749221526
2749321872
2749336119
2749393671
2749398433
2749451250
2749484534
2749503207
2749517960
2749522766
2749527698
2749551280
2749608952
2749651692
2749694678
2749699849
2749747000
2749781089
2749785829
2749800045
2749885021
2749923315
2749933707
2749989829
2750094680
2750253497
2750287035
2750315637
2750410953
2750444478
2750458050
2750492028
2750506033
2750572557
2750615673
2750639240
2750668568
2750686994
2750701741
2750754380
2750801421
2750815727
2750859579
2750908739
2750944071
2750964017
2750998560
2751189410
2751229182
2751238821
2751283324
2751347586
2751404024
2751366556
2751432163
2751527608
2751536680
2751571236
2751604692
2751644950
2751650115
2751714857
2751739216
2751759664
2751765245
2751769918
2751774911
2751810482
2751884291
2751942584
2752023942
2752047833
2752068036
2752077411
2752101065
2758384729
2758391616
2774791560
2774912404
2778799886
2778805699
2779223612
2780501132
2784125468
2785619769
2791499021
2793891111
2793924120
2793876386
2795915479
2807471033
2810815515
2810861379
2813334826
2825522111
2825536169
2834018690
2843276060
2847578674
2851449398
2859251116
2860402037
2869426172
2870462601
2871661451
2875240565
2875629733
2876511174
2876544953
2877555799
2877574981
2877916224
2877923504
2878907046
2879990727
2880009248
2880335731
2888698753
2886110941
2897280852
2896785276
2896800031
2897306643
2897324195
2898867688
2900952282
2900980593
2900971934
2901721316
2901743065
2903311497
2903360420
2903376930
2905123646
2905135588
2905139333
2907871284
2908546744
2908549102
2908955103
2909229000
2912035962
2913111621
2916192783
2916222739
2916248110
2916256428
2916261940
2917320026
2917333951
2917345884
2922806170
2922226557
2922318126
2922827902
2922845879
2922851028
2925823308
2925862068
2926047081
2938134126
2938173432
2958292739
2958322985
2962170941
2962587804
2965669254
2969091229
2965679964
2966021488
2966065688
2966072337
2969006679
2969047131
2969423162
2969439895
2969452977
2969465262
641873697
646246298
2520767487
2520828520
2520833412
2529896450
2531656608
2531855042
2533314298
2533399785
2533300743
2533327607
2533763512
2534803127
2536100984
2536105488
2538617307
2538068210
2539014967
2539796045
2541647899
2541655836
2541676971
2541685018
2541689890
2543536056
2543542770
2543585753
2543606884
2543622268
2543693388
2543706069
2543718106
2543799035
2543854452
2543883179
2543889646
2545410424
2545398820
2546411797
2547202471
2547217792
2552937558
2553444609
2554876275
2559792738
2559860000
2559904676
2560000045
2562470860
2562615819
2563105973
2564756239
2564997168
2566178746
2566495600
2569089905
2570247233
2570410825
2570735852
2571224773
2571452802
2573086178
2573764257
2572118337
2572463821
2573461296
2574994378
2574101152
2575953268
2577729926
2576428434
2577362876
2580063273
2580050379
2580115774
2581240069
2581383116
2589860150
2588803872
2588812083
2589829464
2588855352
2588876042
2589767558
2590658175
2592490671
2598546837
2601181924
2601357207
2601275621
2601283550
2601292976
2601299747
2601305885
2601339459
2601615070
2601620001
2601653124
2601663361
2601721781
2603660745
2601405474
2602199123
2602254993
2603853950
2610430918
2610327079
2610434861
2610445401
2610507614
2610545430
2610627925
2610694780
2610745016
2610886151
2610913511
2610945761
2611850686
2618378541
2618535989
2618902549
2619196714
2628995245
2629032959
2629225294
2629326409
2629339402
2629416199
2630779299
2631495551
2631612568
2631701145
2631761668
2632315574
2632540825
2632736459
2632973949
2632978687
2633577781
2635553830
2640724233
2640798014
2641015751
2641126499
2641340984
2641400676
2641459167
2641506796
2642341107
2645840618
2646087718
2646746532
2646865150
2646976819
2647137472
2647446011
2647477375
2648517632
2648688078
2651744623
2652851738
2655078712
2656721082
2655321831
2655638535
2655676967
2655864831
2656035917
2656081003
2656092812
2656488410
2657466416
2657650507
2657661682
2657921864
2657932803
2658001102
2658216295
2659110082
2659787624
2660262123
2660875882
2661027839
2660388894
2660733371
2661114606
2661351296
2661187276
2662233836
2661705041
2661819384
2661900111
2662407494
2662597191
2662628714
2663067779
2664739727
2663163861
2663281261
2664473659
2663788290
2664523395
2664725654
2664755665
2664853862
2664876149
2664921159
2665182463
2665205577
2666377335
2666726376
2666315683
2666639428
2667207883
2667306875
2667253645
2667278366
2667417493
2669417794
2668961554
2669388566
2669780865
2669849017
2670025601
2670297415
2670875075
2670931898
2671046830
2672129247
2672193657
2673361872
2673810635
2673995565
2674007145
2674307982
2674378626
2674473578
2674671795
2674849205
2674967878
2675348797
2676408254
2678470741
2678699891
2678034238
2678112078
2678190619
2683035685
2683056298
2682998870
2683112574
2683526772
2683732396
2683479504
2683523247
2683709804
2683958343
2684696229
2685249580
2686719205
2687277193
2687475968
2686872639
2687838726
2687975712
2688013038
2688111380
2688538999
2689373798
2690840262
2690880570
2692388901
2692095905
2692940912
2693144263
2693511411
2693977030
2694037730
2694097351
2694484669
2695991662
2696031005
2696465125
2697674664
2697910471
2697981712
2698861321
2699326755
2700016142
2700106422
2701489419
2701753994
2703288136
2703405451
2703421060
2706433375
2707653006
2707657572
2714395563
2712652846
2714009077
2715741276
2715743592
2715841261
2715862293
2715973258
2718637795
2719246520
2719291183
2718789474
2718969479
2719208116
2719286544
2719336480
2719435998
2719960927
2720333663
2720825198
2720875804
2720943561
2721051244
2721064804
2721198210
2721697390
2722575358
2722811513
2722833507
2723311292
2723327624
2724750721
2723821049
2723902537
2724006642
2724759235
2727165152
2726092189
2726117512
2726130325
2726147010
2726151963
2726217381
2726280293
2726300123
2726474001
2726540241
2726561623
2727170651
2730258192
2730071346
2730929550
2733830080
2733893281
2733906223
2742792270
2742857465
2742918071
2742993332
2744302163
2746229596
2746239960
2746473405
2746544375
2746859125
2746616297
2746882667
2746911886
2746935850
2746988504
2746998065
2747026777
2747036359
2747050791
2747132296
2747156923
2747209244
2747218286
2747371073
2747390925
2747477052
2747433232
2747519613
2747542839
2747595452
2747763486
2747773418
2747783021
2748148382
2748172170
2748177141
2748205373
2748239172
2748263995
2748336099
2748341260
2748384808
2748417362
2748523181
2748527734
2748537885
2748638185
2748713504
2748736755
2748926195
2748995194
2748956266
2748975924
2748980710
2749345744
2749044932
2749264468
2749269380
2749330860
2749383876
2749618422
2749628066
2749823260
2749685717
2749909419
2749956386
2749975420
2749985550
2750033166
2750133999
2750182170
2750192172
2750277417
2750296199
2750301647
2750306482
2750329748
2750363180
2750391479
2750396559
2750429665
2750467675
2750524812
2750543973
2750587118
2750644156
2750724875
2750739423
2750744611
2750749530
2750850864
2750855102
2750934080
2751213429
2751249072
2751268254
2751293656
2751304091
2751333200
2751418019
2751370526
2751390311
2751475347
2751585078
2751590284
2751599717
2751620167
2751689982
2751709912
2751800514
2751937766
2751956827
2752013617
2752091618
2758377681
2778970194
2780275607
2784250804
2791492025
2793913224
2824553222
2825472727
2825480188
2843272007
2846275995
2849040467
2849901524
2851427290
2851432600
2851438337
2851466350
2852489183
2859255368
2861024568
2861006035
2869478393
2870245818
2869453167
2872436103
2871645061
2871683343
2871683781
2872673999
2874328200
2875245739
2875261214
2878047220
2880001505
2880027287
2897284111
2897309749
2897316674
2897319355
2900967214
2900991664
2901673267
2901685123
2901748744
2903306727
2905066878
2905106503
2905060494
2905082515
2906182427
2906113006
2906128106
2906154587
2906175189
2907860143
2907835916
2909204753
2912072034
2913090459
2916206510
2916228642
2917371553
2917386544
2922812028
2922267902
2922279411
2922304231
2922856906
2922862333
2923244221
2923261744
2923273552
2925455671
2925502066
2924956835
2925818839
2925844303
2926721094
2937759934
2938128606
2938174657
2938768462
2938785132
2938793308
2939072251
2939080337
2958344368
2962108506
2962110483
2966006577
2969014111
2969080605
2969408352
2969434906
2969445006
2969460250
