gene	pduC
2969069074
2969453908
2969473730
2903315409
2749955707
2749903591
2846278139
2611867971
2603843976
2570026858
2601309778
2692029875
2620596024
2748680038
2721074637
2750233095
2703968073
2751536140
2750180808
2752056622
2747309150
2669122748
2692099109
2750194987
2748340027
2720121978
2658997117
2747082154
2690798671
2825533439
2694345487
2874318719
2780275565
2672035576
2793884969
2666677849
2662628757
2748522262
2749149256
2688538945
2969433939
2618384419
2663174782
2554874220
2677448404
2678302704
2673044479
2924910026
2520822668
2610777916
2742892648
2670933604
2715846823
2610936578
2723909976
2631685300
2749497742
2540288060
2747384789
2570602202
2552941676
2747767608
2687849980
2905078296
2588882363
2669272458
2670510508
2656046307
2620643779
2746901083
2751233346
2718946880
2572786568
2877555738
2877574937
2719301557
2611013378
2825476310
2923243337
2749989134
2660510491
2743022510
2749912910
2714986391
2655852687
2674218395
651063903
2747083987
2673626924
2563133243
2563116573
2726347643
2672489046
2719220704
2876540514
2750079311
2645791779
2674048265
2655215047
2655867293
2645908724
2687981246
2906187824
2747685480
2742554228
2637509172
2663119957
2723622860
2668471754
2750738502
2751799190
2563985767
2912536606
2923269961
2610763329
2927798931
2543892565
2677603377
2552266485
2569018057
2611786469
2751994066
2670155151
2748508002
2719314081
2672013234
2748312278
2747413329
2718743561
2750571302
2657539958
2676408296
2751502777
2631829657
2748721993
2543124557
2751912570
2869473319
2869439528
2666932128
2749927051
2658968929
2749641320
2750266669
2748199600
2601220453
2907818974
2750495329
2570356207
2726160256
2630542114
2699528124
2925471705
2720007159
2719836105
2886118275
2749258516
2849029668
2779230475
2875276327
2694432802
2698640422
2652776936
2748517576
2722914161
2750917965
2724758745
2905123602
2748320639
2750171340
2875676081
2909228179
2907883734
2901706092
2748541994
2555842886
2722736010
2554868279
2543852917
2673285510
2661751729
2618372356
2750295515
2724012187
2751858214
2633938611
2665561363
2565780562
2666818987
2776718024
2747006554
2751698541
2723895974
2592528489
2635559428
2719533870
2550967054
2630150292
2723312111
2720930864
2748959978
2541647856
2674560463
2703371491
2570962639
2750285949
2727160351
2748617935
2661393456
2697752213
2751574795
2601404219
2655961637
2662387687
2612536758
2720359787
2747025594
2750199609
2669877564
2747780231
2695777501
2589207105
2667078859
2533761684
2922278469
2726178623
2743347153
2750927880
2747169923
2747256471
2577760992
2641142322
2572917164
2603876872
2536095351
2659966095
2714866804
2726193501
2672507318
2747513364
2678699849
2589881342
2519380012
2633315228
2919110343
2537921120
2875635169
2562357224
2665233907
2746949281
2671024324
2519296063
2694292718
2657419864
2720296148
2573348574
643370405
2581655085
2748194823
2751512300
2675058364
2750438329
2678035780
2706436359
2555255151
2703301500
2592507161
2569870389
2746567231
2720551878
2642341391
2726185973
2774906353
2751648727
2750485820
2750510660
2793854321
2601322586
2747332476
2869456072
2650953356
2841707583
2715383102
2547212184
2610385868
2531239085
2747666610
2601152832
2746905843
2746472507
2716412885
2580373156
2707161449
2749267987
2692363175
2726357657
2555258484
2718800134
2669267087
2703330680
2649004047
2555194466
2703392002
2650903050
2541709691
2774923848
2748483738
2917389698
2699167335
2749425885
2619197566
2877534154
2750238044
2747265574
2702210174
2870451184
2724132540
2748171027
2748731503
2715770835
2589738771
2597995787
2723222338
2572117641
2714007935
2559855447
2570855690
2633341842
2810871669
2749014382
2726298936
2536108610
2748915664
2684078875
2629225336
2664566096
2916207419
2664934747
2659638525
2703249089
2621201956
2747565922
2571463076
2576426023
2747030339
2751460750
2916218271
2748703792
2751426842
2589797269
2682919171
2720737036
2861010929
2749646067
2925521489
2749723320
2752051713
2748397850
2751713718
2720343498
2541673324
2648218109
2752080945
2749120640
2554849041
2664797770
2530585220
2665186068
2751768779
2913103148
2703345919
2661514741
2580507234
2917334785
2691947585
2572010308
2749082505
2636874583
2748407139
2651294615
2589849891
2606049227
2588801332
2751804292
2751693833
2640461924
2588893187
2548614991
2667415478
2559858346
2687605001
2847579541
2666622317
2584041796
2520860611
2632314981
2582375015
2592490712
2650010868
2751604069
2870226529
2698970570
2647004826
2649774485
2922806126
2723923844
2543604946
2719246464
2674920476
2637967134
2656009601
2696984877
2750893248
2588545727
2629090261
2657410633
2749325894
2543565198
2749555137
2610480960
2916234971
2743747519
2543588840
2669719101
2658915482
2657466457
2610523562
2779223654
2683314623
2750614277
2661293934
2916614808
2655305609
2748906476
2588740424
2870245862
2520763492
2698745752
2723618293
2559817003
2719341802
2749411532
2692858212
642770837
2749874990
2541703530
2665105087
2664755623
2699327863
2668444739
2543885797
2668650539
2659883825
2714375197
2747341901
2756787383
2704027914
2726337627
2670012523
2692010940
2669040354
2718601797
2559982277
2877935265
2569561581
2637079852
647940092
2666162335
2640724880
2749354210
2707627572
2514558506
2692314080
2749125354
2750638178
2860590836
2633194968
2601186659
2922827858
2750873496
2665151516
2569816652
2720144736
2554669650
2668953856
2583778916
2667146181
2639442149
2640750164
2774944787
2744760901
2628995202
2640685705
2670264655
2749421145
2750733779
2699793473
2670142792
2602270181
2651133637
2746113107
2657734211
2543857891
637217301
2541736141
2748788569
2641399857
2573665561
2670736361
2670741640
2825539518
2703334399
2610962857
2749277621
2672275983
2701752851
2719330188
2576907937
2807977341
2647362417
637404648
2642245464
2748133273
2750599934
2922308501
2726397116
2633401998
638787623
2751853223
2715813248
2748689099
2743344336
2563096619
2703264397
2747298910
2749607749
2749636709
2723821913
2666206740
2703290112
2750908494
2749698525
2543579345
2636627131
642164643
2701784767
2724076152
2898834898
2601147855
2665687162
2693147919
2535157752
2909214041
2748282072
2690907736
2610869703
2750055486
2659216077
2657906251
2696245222
2924957073
2665099572
2632366308
2742958047
2610622786
2747212681
2722934274
2669581516
2633389864
2656029305
2690867892
2647478704
2897279899
2707675936
2772287978
2612364149
2618893818
2632179406
2726395622
2875670855
2601251883
2660737207
2749344424
2750481129
2663482227
2636931979
2573843916
2693871588
2747671182
2938125932
2938156608
2938755519
2938795964
2939081296
2939088088
2939105825
2965613790
2965630427
2966010316
2966020601
2610456963
2603838764
2749058270
2938197189
2938749576
2938804673
2601296531
2958296731
2958338647
2962189392
2962556710
2962606582
2969014067
2969024340
2969091185
2969425695
2913098395
2702234877
2601200899
2750849146
2915864756
2751946822
2926048130
2574101931
2720876624
2748166121
2751560347
2647647033
2748474277
2784246607
2569105306
2874329998
2749969746
2589779546
2751526605
2588786262
2810815472
2601338895
2697036415
2721208160
2720131053
2689103243
2637525155
2651769345
2638058315
2661141280
2749049027
2610501976
2751589338
2917360372
2667054757
2562471661
2751341578
2519710981
2748994995
2669342538
2912565444
2683732455
2692594543
2673795013
2694352131
2674516069
2669423478
2655336293
2569091525
2619460028
2906209188
2749731820
2696463671
2601392620
2545481472
2663150853
2917318742
2610492454
2682842445
2751936629
2652988878
2657935577
2669276630
2747532471
2701718260
2699009892
2572462747
2750045994
2701992777
2570215187
2748142304
2674905141
2543572500
2543119757
2689948490
2665199267
2825486557
2726123616
2747714808
2751618844
2641203704
2520420542
2748253259
2520780552
2851449336
2707666402
2647037703
2900975063
2695912409
2718764952
2726318082
2724127030
2589816097
2850588577
2697182028
2558739629
2880326795
2611228694
2637303187
2749650817
2659942416
2565080317
2917325715
2582327190
2655978584
2747294212
2683981784
2722567164
2701738171
2645972986
647149832
2663328494
2903332681
2751833429
2747485288
2751531315
646989474
2577365663
2535138881
2843972012
2707581752
2582199676
2663785441
2712528375
2669885250
2917344993
2728374547
2592501609
2906179602
2543786698
2610725823
2610334651
2722749520
2611732315
2588526024
2750490631
2752066478
2852245727
2602257269
2877894454
2573586624
2601134720
2869436295
2715768755
2701728098
2749416227
2744616222
2632084032
2726613635
2656569986
2723817357
2825510492
2632735482
2578165467
2646867288
2659012028
2804610701
2660571555
2859273792
2669032624
2916630346
2562905726
2662292221
2751863167
2629285671
2538629706
2922238599
2610893979
2723324431
2707166839
2603872045
2906165945
2749598042
2925873988
2718609412
2668964270
642747280
2696531466
2665407511
2870441210
2748684320
2726367386
2750176023
2665913301
2751989350
2750300824
2562613457
2656033858
2657741943
2847569894
2576694261
2667374869
2610475517
2697937513
2749516725
2714971324
2652707707
2662096718
2813332371
2869425349
2905129557
2888325232
2538607589
2723901668
2694402771
2751269901
2726460451
2637206870
2751892877
2559637549
2543634597
2563589989
2720817934
2747188898
2682421957
2536293630
2629414029
2750728988
2559934444
2722673736
2588829014
2641283281
2749617238
2664807045
2695995138
2722925263
2721222162
2750156729
2721194524
2750932942
2922319159
2689410883
2746996994
2850994961
2747260810
2641690766
2541716340
2649013723
2665534897
2543763200
2750036591
2749531126
2697403176
2670159435
2923265218
2897290075
2672825110
2669281405
2703276411
2670237265
2665873114
2641379521
2657973473
2656042941
2750705065
2749039170
2543882139
2720527048
2543534426
2683707819
2813225054
2696327646
2645806241
2718790295
2721697350
2601528280
2691464586
2720885635
2646961138
2662908255
2695944997
2610689168
2588564161
2747251566
2749187099
2742996984
2672341092
2601705820
2648656128
2620695691
2601696715
2750390776
2646030299
2662705164
2571155155
2813567496
2588531658
2704005721
2518845597
2559913424
2925843334
2912556588
2664629060
2559956531
2582349322
2692547355
2750060333
2543689678
2651632870
2635848103
2545448154
2812813244
2751545780
2730063140
2685350653
2719287413
2922833852
2729407147
2723213260
2552661267
2538058300
2908950869
2580099478
2720409894
2699446474
2849034625
2669569051
2666149175
2749292068
2924936122
2702215646
2619410340
2529891892
2750137548
2687612888
2673135936
2726382295
2654825028
2541590705
2647628469
2876501336
2659056160
2550768061
2668982532
2592470437
2913094198
2696029569
2683691541
2751678875
2664912966
2684909573
2922259836
2664671736
2746571958
2633723551
2723175636
2586019005
2746261209
2730237276
2573459965
2750781505
2677289818
2925466034
2660541962
2750113238
2663018083
2683089441
2749253777
2666319750
2810861334
641857512
2611791432
2901721272
2751883092
2658109984
2657868698
2601434962
2601171066
2660920572
2678072597
2723546630
2751346159
2749993770
2610874847
2742927649
2922254020
2924977693
2658164701
2541613233
2631603274
2581952678
2749234850
2690733909
2559871995
2691400328
2533382938
2726539144
2543609642
2674888461
2559927321
2721344005
2649063800
2576344575
2601422763
2750276215
2751922052
2656721040
2748156569
2687990494
2650781201
2733826338
2573769798
2751193008
2696522407
2712650269
2563128315
2742685815
2730076671
2565774842
2707646855
2688569235
2720944384
2860626940
2601388638
2719079596
2923257786
2538614797
2536107694
2601716423
2750619059
2880356799
2726514557
2851042107
2633668703
2610913553
2696792608
2533294966
2871660512
640914762
2917339840
2610627967
2726212998
2733876361
2750795858
2581383604
2563122527
2750767693
2746929521
2751608808
2638100100
2746533851
2628897742
2751203001
2576048608
2748989627
2728619873
2750642956
2907871242
2747207916
2543114500
2747499084
2747418095
2655078670
2581502074
2719436818
2901745781
2750132821
2675608148
2750973375
2658114762
2750142204
2602018568
2719526159
2696588853
2611697795
2872665126
2750147113
2718983907
2667180211
2703323687
2730251790
2555821379
2610745058
2747074313
2543830261
2610320234
2924972339
2751488984
2610905714
2632896673
2541723897
2602935081
2707542737
2581237861
2665126782
2725895245
2588916053
2698999327
2877561581
2725713447
2538052248
2573103996
2697450910
2704016614
2719556593
2878910954
2655067238
2562910533
2733891700
2751521820
2747551544
2672396969
2652559368
2852489139
2758389684
2750012840
2536102189
2908841702
2577638015
2670633386
2666986488
2636565209
2690771310
2671037559
2610412314
2701758029
2583812440
2558641322
2729262676
2896820084
2825466359
2667002337
2751753698
2751451218
2692944227
2649949175
2672570683
2670023580
2703384877
2589191025
2655314666
2669028036
2749468918
2535165689
2667122780
2746934317
2748238272
2659191485
2748393084
2640710125
2879990771
2541698141
2746886650
2661819327
2733872589
2531271853
2906143733
2724774537
2670294560
2907915983
2601304177
2610655408
2610929975
2667271112
2543701383
2916223679
2666557425
2742936097
2655324336
2529904872
2880347028
2779246643
2750428751
2747351376
2724164845
2723208659
2520830767
2565091143
642742453
2655838742
2742667766
2559885942
2683076462
2655667049
2576488548
2546790000
2916212650
2749373321
2747313312
2860602298
2923279625
2747504288
2532582662
2938211521
2939068192
2939083331
2939093675
2965619562
2965697904
2966067644
2692576592
2697701893
2909238705
2575120890
2878886103
2675548789
2851004036
2938144310
2938206196
2966030957
2962127232
2962581441
2962593550
2962586834
2968462809
2969057936
2969096782
2969409223
2606176636
2610633095
2751248475
2749287243
2688573565
2724153887
651550367
2554840666
2774003847
2746896313
2541688497
2875229796
2660611111
2751633686
2570253339
2707756249
2859247619
2632101396
2746982460
2689159517
2675585293
2688754074
2707360113
2723197357
2722681076
2714859145
2630707303
2659891907
2750443083
2720949032
2924922476
2747652184
2969438978
2601277743
2750942905
2703318378
2682813181
2825473262
2720939875
2747637854
2692870572
2662473400
2749449930
2688548805
2646057036
2665171396
2550094357
2555957390
2610595522
2672989316
2635554358
2749813062
2632171070
2749034424
2726146302
2724769133
2720302018
2618898417
2550921646
2581867409
2742788529
2570617587
2532884631
2751723622
2903307007
2655342736
2519290564
2655319147
2750414543
2751663710
2726362589
2749440424
2721551253
2749024791
2663906960
2703405409
2907848837
2670182028
2661801559
2610881049
2751265010
2721381191
2686936112
2695607811
2533399933
2675792574
2647883443
2597999238
2747054780
2726274801
2655819722
2569271603
2641007136
2601751572
2747447011
2925822456
2751540921
2690837440
2611740042
2747380100
2580279237
2651747103
2720285864
2723438658
2588929601
2747787407
2569719552
2726148242
2748570263
2750695614
2748478971
2577483869
2752008442
2662526989
2683727732
2631698441
2657951317
2633154486
2793858255
2655975190
2747107822
2545433601
2683715543
2751868139
2906170771
2555952112
641879237
2714976335
2657922528
2750922968
2583664540
2683720020
2730243308
2669850796
2749406781
2723157763
2750476374
2901669816
2751307628
2648774971
2925827403
2670114393
2719213450
2751760095
2633221536
2662987227
2665636742
2642220735
2698773705
2750523875
2750447855
2678110876
2581089757
2747365694
2896785232
2749029370
2874306296
2749210954
2657446079
2747193423
2746610232
2696134529
2912049143
2663766316
2726283079
2749334796
2655873477
2656000255
2925853750
2750528641
2698814552
2541624747
2730867682
2750333635
2752076219
2733900751
2642031356
2871673880
2721190019
2698666441
2720338991
2746953895
2793875060
2601191439
2559876172
2580165121
2749865411
2748421568
2888695556
2657943589
2861037610
2661896703
2559907607
2667017994
2748204413
2907860099
2655668432
2589791900
2641843173
2748151824
2750982929
2779210187
2543779701
2685240930
2543822812
2559851219
2707502446
2742862218
2716403914
2653071223
2720595581
2641251356
2746591152
2636639614
2924960169
2649233820
2733868170
2746877005
2664511640
2682428571
2675260353
646542890
2877569785
2742851370
2778806477
2655966158
2683482866
2900952238
2668297857
2663284910
2656489725
2750829245
2589829505
2749536032
2747174667
2675284097
2897310653
2665800620
2688127303
2691169571
2726377367
2660875924
2663225886
2752100223
2569740708
2569336574
2719346307
2601711405
2670872362
2730331906
2539003828
2748147056
2751658786
2724764312
2743002563
2673970457
2668769303
2726343536
2733902070
2750580910
2748431511
2912036853
2749063084
2751955597
2875223300
2850578406
2722829764
2703996171
2610507655
2583990041
2747049719
2720011748
2870461616
2545483917
2742811768
2879996437
2572866871
2588857537
2703341634
2748866727
2696832902
2775224494
2807336965
2874295666
2715727016
2859254340
2878047266
2659788767
2675725709
2663053106
2726107090
2610792632
2746920533
2746586268
2674182614
2747160406
2748608473
2610759613
2674234329
2707792781
2632543433
2748920601
2537925393
2732829885
2847574906
2589813171
2554798195
642785467
2750604779
2715721721
2747375135
2748296657
2687009014
2749215850
2930922942
2601464530
2903367348
2661704290
2774741906
2669666565
643360356
2922233121
2750590909
2668811405
2752022710
2670578306
2750657406
2723416099
2702224679
2550926022
2601409519
2793913170
2588791480
2696083950
2559826237
2673072632
2784251655
2659804556
2748233519
2751483782
2675887386
2693216660
2660390795
2654923773
2859251903
2720355280
2747451596
2748847128
2720538759
2533388465
2750088764
2686582668
2923274410
2750362189
2917365634
2703242342
2684809238
2917382769
2559923403
2849902496
2903327065
2650149970
2878896497
2750758188
2692240967
2661276374
2662380009
2678723732
2661523616
2750324139
2631837868
2752105113
2663094281
2719702014
2749922309
2571363288
2665274268
2569454347
2748769647
2715841315
2656015246
2675232445
2774792806
2751417726
2750347974
2691714297
2673552792
2749339613
2673947869
2747724011
2749239540
2647162211
2748670097
2637443966
2747752984
2673185959
2678470783
2666758029
2733822891
2715810755
2610395000
2751970112
2726210772
2670089200
2755726719
2725177053
2726332636
2748964790
2712380243
2750863766
2696510028
2696499326
2751897803
2746523987
2747236453
2726352646
2749817872
2859275074
2693094919
2750552338
2744425510
2543877884
2545961434
2590340581
2650068610
2750376460
2791499492
2550976565
2704075547
2719453153
2663451551
2746968165
2750576089
2652499140
2520759207
2726114331
2641492544
2610555989
2834017894
641304018
2610863811
2601291388
2707689763
2601701035
2715975774
2707570116
2660376584
2749177630
2745219081
2529914242
2547216948
2749688981
2720716736
2588903581
2909174678
2896831418
2922811984
2543668571
2750595203
2749130136
2719432313
2692820179
2922302273
2752061490
2633199693
2851020522
2751584393
2662132463
2589807219
2714395605
2589823659
2538084444
2580114984
2678233048
2746581574
2559314550
2715741234
2752042118
2733894793
2659031281
2746243242
2751455182
2703955225
2746862668
2877922306
2569313943
2726172084
2748560578
2742662941
2751375311
2675091109
2667207937
2618879383
2662805643
2693918748
2550974183
2738615840
2573695320
2723372382
2750500067
2532922592
2610675465
2539801979
2905060538
2695846466
2750161703
2673465641
2664739767
2672901460
2641653105
2906126285
2695918696
2748951098
2749220641
2749096856
2652950046
2748599060
2721226725
2674883624
2719350811
2511973904
2699077013
2748736197
2631358759
2687659557
2750118108
2751479319
2750452600
2723346465
2747289495
2938124712
2938176369
2938180898
2938184231
2938199950
2939098518
2939553742
2965624946
2965669388
2966045597
2554265761
2661797560
2746614974
2628299173
2938132687
2965689172
2958311061
2958315509
2962175144
2962108461
2962601559
2958332111
2969018063
2969038770
2969075049
2969479286
2637185122
2601213282
2702229400
2747594769
2742875915
2687753488
2712313706
2685249538
2720754820
2703398677
2749741607
2686719151
2601731369
2633466271
2601211321
2672295307
2748655890
2661479964
2629928084
2610327493
2748330116
2750997726
2742845885
2860613272
2742980941
2567037408
2750977876
2661722340
2541630336
2577441352
2570735892
2749191871
2675105922
2825529468
2742880100
2917350191
2639311964
2659979384
2908545681
2651270289
2610808110
2601157954
2720826018
2724780703
2543150408
2748229263
2747475371
2751778693
2619273253
2610467735
2694121412
2641777660
2751788975
2543806150
2633845834
2670431697
2726551989
2747570767
2657809407
2748503284
643236540
2683522039
2520752346
2637731503
2648527814
2660924841
2662622753
2750343217
2750504821
2539243167
2746538650
2543764292
2655308938
2746977694
2925455627
2559892577
2720290966
2748551455
2692188242
2659831848
2660246227
2751007922
2675602298
2748161446
2543623680
2610545472
2715377316
2575179033
2750017518
2601721741
2640635943
2659234075
2723918225
2669451042
2721043056
2751365324
2747704766
2691797226
2909193649
2750409795
2750366932
2570648021
2749053458
2692401319
2696975816
2655981784
2725210965
2550930581
2746924736
2751683801
2861015775
2750686093
2746519363
2662188739
2565096984
2559964772
2747522925
2718960715
2726406590
2746992661
2719911749
2555681635
2750466792
2915816704
2697882579
2589772667
2541644557
2748267728
2538082701
2646335771
2896825745
2610367608
2610648530
2692223951
2726129329
2562365544
2602494282
2701723153
2696789361
2533329462
2825481311
2750328937
2872452110
2533296339
2726265434
2750810236
2588812846
2875240521
2720453733
2749382906
2611655408
2589844433
2747728765
2693788359
2751360828
2747437095
2726545268
2569965997
2520766126
2751718704
2581709696
2751818795
2618878810
2632927737
2610958782
2748344862
2695822506
2693802739
2636545645
2555675169
2665720475
2559903205
2707348372
2670373481
2751521252
2699117039
2580872787
2719292050
2661776917
2601247488
2678326503
2589764400
2721674869
2752095312
2675519943
2610954462
2646602033
2750242776
2665344922
2550761413
2559868343
2637566134
2543136443
2746972978
2685340667
2533313993
2610683543
2748263475
2520405508
2718794804
2672365046
2545430260
2748589151
2645847734
2750791075
2655995745
2747011358
2520282173
2541584922
2719298028
2665598221
2672890134
2670546863
2750898239
2649713272
2750748073
2537029355
2750433583
2701743022
2592521569
2750357512
2559142058
2721429317
2860403799
2912042385
2703361817
2878889202
2545392005
2750753431
2688112281
2646804894
2582038401
2575901861
2670035088
2901751410
2748546172
2684898078
2554879622
643729792
2657521812
2751599091
2669361792
2585966296
2682846051
2660799382
2580019642
2514284436
2877932151
2610942292
2750190308
2665862070
2697130429
2659437169
2559821178
2749545524
2748886767
2748373529
2748412141
2726563501
2704002806
2696032131
2646165621
2726387298
2543646178
2659420125
2719711687
2742896369
2611895099
2748354532
2714310416
2692388859
2693973017
2747187651
2677774174
2722571671
2633245601
2753966269
2569169257
2543109030
2562435402
2748803189
2748368794
2749459591
2666639103
2900967276
2664504269
2747546797
2647233749
2748272505
2726090254
2922316541
2630544026
650490449
2571357121
2749378155
2922822980
2750633462
2678312342
2665649909
2538618895
2750776783
2620586979
2750122983
2629326330
2630547867
2875655541
2748349767
2580906895
2689374605
2536627167
2742681841
2722980915
2638018723
642737565
2748891221
2751331849
2590331742
2657835734
2748613247
2750878499
2718661258
2543753707
2668654885
2682827813
2744301525
2669941710
2745937118
2726220395
2610420003
2601265530
2665935278
2631290223
2750628681
2663058692
2657645597
2749898895
2749707980
2572549614
2750471553
2722745016
2875252178
2661627228
2688884020
2748693771
2748627422
2906157884
2746529146
2931339606
2701732955
2683977057
2636848096
2715852284
2661713811
2641499125
2554803302
2703368697
2726206435
2750542792
2697428769
2707547754
2746335695
2572590867
2749502511
2610705238
2678253913
2917370657
2742993374
2922869077
2746881952
2749445060
2720405388
2880029844
2749106383
2751653724
2520268268
2683103452
2693049836
2747743646
2720418902
2908956070
2669070502
2851427231
2748945251
2683962437
2543643604
2707514188
2922216902
2538636916
2563109746
2723134631
2678274816
2748584426
2851930013
2726139095
2877538943
2751673687
2665765791
2610812969
2748579721
2721686098
2750228189
2714991145
2657552672
2747155601
2923262626
2586374513
2668713249
2520831963
2610462675
2694108178
2825491466
2747150763
2751412505
2569745372
2568829104
2747117684
2749717491
2751623770
2559846231
2645838407
2722943342
2751668693
2721444259
2692863073
2673120205
2674670657
2703375637
2723634097
2543838493
2742985231
2876548686
2697546336
2746186225
2562968351
2582378215
2725726569
2663955125
2722834327
2682997697
2601658714
2691792055
651164753
2727165206
2588931607
2683112616
2660330285
2675502219
2554860424
2747661727
2610737527
2667257355
2749827509
2750213966
2533326240
2574077807
2688872928
2697846527
2690889160
2751337192
2641279268
2751738591
2749550393
2724854601
2631614610
2573135748
2662807152
2752027583
2520820208
2752003653
2791511089
2638667278
2610074821
2667109844
2723258045
2701762669
2880001461
2536632275
2610780436
2545416728
2719225208
2692781028
2505092579
2639410851
2747140843
645287234
2825496633
2876519906
2673522641
2730928599
2743521861
2529897626
2906145204
2555999548
2601648366
2567032643
2599409927
2541682658
2667306916
2751733510
2813562990
2719204430
2752071388
2751218182
2749464109
2880352709
2543660109
2670727071
2559841698
2877924437
2668728545
2747456266
2656072744
2661043580
2726171195
2721140560
2907854219
2747623603
2750743350
2589863244
2747098115
2646765638
2683972274
2697747531
2666014140
2601360430
2543733163
2924904099
2751493471
2696044027
2672129287
2724751511
2749358891
2664549618
2569952307
2748574940
2746595957
2559988719
2749139650
2897301847
2715779615
2692393952
2631495908
2650804626
2750937900
2674495042
2707362141
2657501050
2860584943
2694307593
2719229713
2646123098
2722669193
2938763278
2938773910
2939113738
2939549919
2966059124
2751350837
2749884528
2697896465
2938793351
2719514033
2958348133
2962121614
2962177556
2969006635
2969045584
2969444047
2969464367
2707657104
2748301349
2751394370
2588782079
2657546978
2748900858
2748426729
2659697453
2877904919
2664849295
2750648312
2747796752
2545467493
2601643579
2666693849
2721199030
2747088734
2775347704
2750424077
2750218735
2912546700
2661970546
2601228481
2664586356
2750805386
2636667408
2896422629
2749249041
2714380097
2630857286
2631652937
2646744306
2703252117
2724159487
2750667025
2749860666
2570508245
2860579512
2749206234
2543923536
2925832980
2924983016
2748780022
2703282050
2540544289
2664832180
2610970069
2610716129
2721061114
2642115371
2673999221
2880009292
2749712808
2559791685
2535477471
2877910207
2748445868
2707157289
2695662602
2671963021
2749134923
2704049836
2751628514
2720334483
2878881391
2657665464
2632242555
2712311388
2748660595
2579882056
2647696963
2730917904
2605149317
2610820392
2752014165
2701631751
2520359715
2674972811
2747222275
2600616359
2732493357
2639584886
2583750141
2535878707
2748214107
2666688603
2581497195
2748384041
2597983899
2749454617
2683035728
2546387363
2720835028
2750868507
2733861890
2750962874
2641457117
2747389543
2925486165
2543913721
2751322379
2748827583
2577246075
2631477652
2610373906
2610430960
2748250418
2751984512
2580243351
2906190448
2851000064
2531656427
2662233894
2749693661
2550756242
2923284044
2696785366
2872436044
2742901755
2673918019
2562915677
2670670620
2875666917
2751388772
2807473986
2776711874
2618381675
2749841664
2922266927
2662283933
2694041499
2632839308
2707637161
2566496014
2877915328
2691133311
2656083475
2719282682
2543707951
2543156007
2751570001
2719685896
2598254710
2909188687
2641748179
2925838151
2876537163
2917355179
2660271690
2778910095
2677487736
2610721277
2570194802
2748555821
2598866665
2665820430
2661409170
2687475833
2749765442
2748999373
2875640315
2571448936
2539119707
2901698535
2545461513
2543614139
2922862274
2683704986
2743353424
2751208364
2547205351
2669287374
2875245695
2747480071
2656056576
2896779713
2601415987
2748623189
2540420077
2742797650
2636971542
2601615113
2859263305
2903309502
2699093475
2750724142
2690917764
2750676541
2669780907
2758403834
2746557685
2723914479
2688342785
2538622794
2726137512
2533767414
2559797889
2661615907
2545404734
2610665718
2693978182
2697801285
2746562465
2812998265
2749077644
2909233209
2704058891
2670662355
2875219169
2719270270
2726081494
2703987822
2672296822
2580144371
2683179914
2747633111
2631590092
2638146158
2748925847
2638263315
2726182488
2600625425
2687230785
2751907781
2748306302
2660691251
2825505954
2704012660
2677865005
2749297280
2779202200
2569427561
2661675700
2724754230
2550101534
2610753857
2590326998
2601523121
2558581795
2601402451
2668800668
2742857423
2719961746
2674281946
2550849229
2718954151
2748389092
2813060223
2750098601
2913110826
2611130670
2747647355
2721056607
2726328094
2641127394
2719717468
2742632465
2664984734
2726303719
2550934721
2545410467
2924967693
2746552959
2629340080
2673364464
2631758816
2635510076
637601105
2749368392
2692787680
2655523414
2747518084
2693587239
2746910517
2750257097
2751703715
2620591506
2903346452
2581566908
2897295268
2880336777
2652944147
2589752995
2633789333
2750314622
2610858091
2666964804
2707622649
2912072910
2876527735
2666039182
2750004108
2751242961
2908550015
2793907244
2716392885
2683515181
2726201470
2747016093
2750585662
2661351338
2747165780
2699473750
2520854082
2746238475
2726103097
2648989885
2541659971
2589767597
2748257857
2543801126
2870231917
2707632566
2848628038
2745030682
2618983255
2723181974
2719425219
2688889109
2729412397
2649319943
2667323769
2611811495
2661423830
2780714221
2629924984
2669633671
2750533380
2747093507
2611118176
2549813545
2749019439
2692340436
2750069814
2588809070
2592602790
2670214531
2543721923
2718638618
2575955156
2687839587
2697858776
2886095423
2898881469
2658060595
2533311949
2565310204
2695675476
2588854479
2657765939
2730072166
2656487816
2751974903
2749870173
2723341960
2571669432
2905146683
2535767623
2779239714
2660495255
2543792259
2559946127
2505111657
2697982679
2869467591
2924886937
2543777199
2590658217
2580446010
2720926360
2554794843
2707661572
2699996030
2747432413
2693648212
2925502022
2674308024
2641190107
2534802017
2750031779
2660529914
2670731297
2657611765
2580532917
2747509032
2641972499
2742805825
2598588513
2896806014
2534217682
2637807979
2589747835
2588864279
2583827205
2692206525
2601619961
2683967413
2662112541
2907894781
2872655698
2869452091
2692145046
2554833678
2543919391
2610611940
2664853903
2669784960
2693453860
2660434371
2543795884
2653007909
2659822808
2654988635
2646909292
2813557123
2903322212
2674377694
2749004427
2749965059
2748969766
2723234156
2718970342
2601377642
2723186536
2721669209
2559862640
2793901652
2545882013
2665077488
2651608904
2746939142
2747203161
2747064623
2647958864
2874290179
2693514739
2612153540
2662510678
2922850961
2652280431
2641339863
2748774316
2661470999
2719264786
2750027032
2636503153
2606146910
2674862824
2610559956
2683056339
2825520058
2659373680
2555964314
2903330140
2897315776
2742962223
2673809793
642135408
2601168865
2726096854
2611139235
2555639856
2669654838
2722947849
2669586150
2650968085
2670457967
2543716392
2697374486
2512804441
2631261569
2602199944
2746576723
2545472834
2721217650
2747695023
2678268049
2682818177
2747422864
2748402554
2693601256
2638362583
2720556425
2750623909
2580483395
2656066905
2511714508
2715800715
2749225365
2564746529
2758377277
643363778
2749488231
2665545601
2748291843
2667155892
2793919589
2669153372
2545451351
2747757850
2750400219
2747394292
2749101558
2670874741
2786888488
2618536981
2860619141
2916637001
2851432555
2630472495
2648160174
2749789191
2750305151
2747801488
2690775435
2693154025
2685237495
2543833997
2666737885
2690884079
2694450780
2875632547
2610550489
2697969845
2724859256
2571555603
2533303019
2610512634
2747791898
2538067392
2543684331
2747806383
2785618919
2519301683
2749387755
2750074497
2588908384
2747318257
2589477850
2640916527
2749846410
2670251852
2641077600
2610899348
2567042218
2682832731
2687748604
2837473287
2749945979
2691412242
2747284634
2684697104
2648706060
2719208936
2637791024
2938168751
2939530608
2965638637
2965646342
2966004433
2966054337
2629717482
2659355468
2938165536
2938806288
2871636833
2958330028
2962145739
2962153867
2962577266
2962596301
2969030233
2969047087
2969080561
2969414359
2715486332
2683957581
2637481121
2535473164
2750824400
2747494264
2749593386
2696282427
2655090762
2747403837
2652848521
2872674987
2650853754
2747039988
2750151973
2668742785
2637223529
2751257841
2751507539
2722929770
2537930377
2553121819
2751843191
2720881131
2751643744
2674021089
2578225327
2661114646
2661201218
2693180024
2565313270
2748808055
2682837768
2698869008
2703430191
2719308928
2750561881
2900950535
2674255525
2750271377
2723217769
2747619150
2750715124
2659841854
2750912972
2750022277
2601311542
2720319178
2852368734
2661740830
2690746000
2852250761
2851466306
2751272936
2664877176
2650152719
2749311060
2601381164
2896812390
2747322982
2751748594
2748190110
2750386434
2621264067
2630287332
2662468347
2673386602
2776706643
2567211231
2610390777
2618375878
2555948735
2908554126
2547835827
2747676329
2747628285
2520314820
2666731449
2751384075
2663280056
2666809053
2693572982
2751838255
2749244324
2658190540
2870446305
2646830808
2746944831
2655843256
2724007476
2660809769
2577755919
2656004711
2721065624
2612182650
2751302755
2922800255
2678890810
2749631773
2719107468
2559961600
2752017955
2541675941
2707651584
2917385654
2727061363
2520264687
2707613109
2721203539
2743362610
2534332794
2601354825
2647135190
2603848920
2588872603
2748784288
2514291852
2714873197
2559628929
2916257387
2906206902
2520749990
2583959930
2688014045
2749158706
2861031473
2749751021
2746915326
2579913698
2541694770
2750223532
2758387506
2719998002
2545966854
2569469716
2751440894
2662176735
2714981393
2793891069
2750903171
2742792227
2663384531
2897286286
2659743869
2743012737
2686932108
2752037267
2774913840
2916247268
2577063444
2574994417
2674548636
2749172914
2582432720
2720935371
2573157173
2664713065
2610846996
2539007164
2659110123
2546398715
2750381253
2638288673
2722938782
2665134190
2748636938
2748871399
2749478522
2632447176
2749392530
2748699016
2721052105
2748651158
2721340548
2747408584
2646430802
2721070130
2559811600
2723332949
2748175766
2612105347
2750819667
2543929253
2601663402
2658004632
2569491017
2648328348
2701748018
2648101407
2750839730
2750547517
2847553091
2696537574
2726126461
2546408345
2655675030
2543568390
2874302666
2658081730
2610660057
2662617047
2748726821
2664515711
2610566182
2543601357
2664501765
2683072492
2601204622
2658955592
2871640675
2543594846
2592606929
2580689353
2747699815
2589218964
2673504415
2693765154
2535869850
2662226675
2748823174
2748798343
2673965804
2637159022
2696988477
2874327271
2748895935
2925513100
2720350775
2672605663
2849907877
2750209516
2589475728
2701772338
2543903411
2563092616
2778971744
2750662197
2747470533
2664924114
2610579039
2878872523
2664694820
2719539750
2751327082
2715806473
2548883749
2691308194
2687278134
2715733047
2746600706
2751498081
2751593973
2520410207
2530309527
2638403058
2571211280
2751998985
2749879684
2751312619
2660680045
2720126541
2559969601
2747126749
2672513278
2715857962
2916241939
2847567616
2747556921
2715795297
2661782419
2700016778
2682850513
2572375064
2669864033
2633577274
2648642777
2720020890
2601221829
2750566611
2748979567
2663805706
2667102439
2666362444
2747527707
2610598211
2668639192
2722803679
2778927831
2720522543
2922248733
2661657608
2677422685
2925858967
2641322793
2751848235
2747614087
2725859388
2861007016
2747337171
2665521497
2751823606
2601129256
2650776350
2719691153
2733857427
2545455872
2749674630
2752085625
2581077932
2750709910
2718979400
2601346696
2611850740
2748537088
2748817945
2846263365
2714964879
2580063233
2568734533
2520274615
2570349790
2747146172
2925862923
2751688777
2691799533
2666726429
2723328444
2851036008
2913091398
2601460496
2917375905
2750281026
2748793444
2707734388
2749622773
2696718817
2746867418
2715866478
2663339717
2744611488
2750671795
2747246713
2747599510
2750462038
2720830523
2589195902
2747020779
2693674276
2683311959
2592532824
2825515412
2559920567
2719550946
641321503
2655508277
2748325359
2747680770
2696291235
2749182355
2720002610
2675072727
2849039593
640800246
2666377377
2670186278
2683526814
2665301036
2659440753
2665205619
2683695864
2610377702
2588838753
2907830375
2875645814
2610534103
2685345665
2696565553
2719723211
2588885904
2649725075
2537778399
2703357823
2749889716
2670617728
2682856070
2675748809
2670799077
2666899026
2742906941
2662125951
2655847888
2543851706
2758382611
2687976666
2538602813
2719916416
2716229912
2724138444
2672981456
2658215607
2872660253
2750261904
2722740517
2748185833
2746234522
2751638679
2583928908
2748531862
2646990340
2699972675
2749808356
2749435614
2747360913
2748378794
2718769465
2668748227
2539796097
2610829716
2677767394
2678536075
2589860189
2726289279
2743035126
2716399376
2721213958
646908742
2749960243
2693828782
2664621558
2670046949
2637781459
2876511777
2718646251
2571699079
2649310743
2667022070
2611700675
2924948370
2545398077
2683067201
2707768574
2888698709
2722580682
2871646987
2750519127
2589756553
2749679399
2567207988
2691687523
2563124772
2696560618
2721691923
2661901641
2748286938
2720414398
2645994338
2749660308
2601176111
2749072841
2543651730
2715862336
2726153392
2916252188
2543638222
2825462482
2723319498
2747059773
2574765552
2652882062
2546795724
2661386199
2649578041
2559633274
2749703217
2673723306
2661632824
2660756647
2748512816
2748565889
2896790876
2519719334
2581070987
2748857026
2851438293
2749044663
2641048309
2880341868
2752090501
2635888080
2746963406
2707355377
2703236385
2715783386
2750853901
2746891526
2749779667
2925819819
2906121499
2718621627
2574944675
2870241056
2748527047
2750166440
2703222897
2924898237
2603666059
2657702732
2610694822
2743367203
2700105149
2722657886
2730067660
2751902793
2751474193
2726475148
2697709259
2880313420
2719448650
2677402419
2750762995
2664783252
2659255527
2707680659
2749559889
2670344559
2751252857
2905054890
2662504985
2747241619
2720808925
2697675396
2670437018
2620634602
2566184532
2612315091
2703943453
2907907295
2664769814
2748751096
2750252307
2664815350
2699713461
2533307140
2749626930
2861000645
2903351893
2572458771
2905106459
2707671128
2674578937
2720423406
2692431343
2746987116
2748674855
2813574642
2719920964
2744598094
2722812332
2664525490
2748930703
2750371744
2749349243
637212759
2938757786
2939573108
2965607966
2965658868
2965674477
2965679920
2966066494
2966073175
2747370450
2748334959
2843975430
2543895735
2707369313
2742970670
2559641798
2938778727
2966034994
2958300607
2958343712
2962184239
2962164934
2962561420
2962611299
2969052473
2969067119
2969448793
2747198402
2747609110
2707707782
2748363976
2901739113
2663160884
2702240116
2749669883
2782352652
2886110987
2813004008
2661027880
2682744614
2824553178
2665645680
2880037607
2641504638
2633306463
2637098856
2748955878
2664946279
2900991600
2751728768
2891966805
2786855147
2667392159
2610434903
2571715786
2752046900
2703296765
2657566428
2589870926
2723481671
2749936544
2649050145
2703987015
2520367090
2909203861
2747217465
2730258135
2650054372
2748984627
2748974761
2748713256
2909224090
2720813429
2748416884
2751379262
2632488662
2749684211
2650097612
2653088583
2589874464
2851456947
2598546795
2601373438
2723905273
2638607693
2751927045
2543145523
2732824872
2925478860
2749755864
2651575715
2612325212
2880011562
2747642536
642126680
2747772295
2749908168
2674847897
2835262791
2563107211
2907865449
2718785765
2658831913
2610486630
2906110460
2610842461
2743007241
2661458842
2694461435
2601740635
2751198067
2716408832
2692632576
2875238859
2726508878
2674877300
2751398480
2748498157
2678926315
2779235602
638781102
2638688315
2898864192
2749315807
2875649616
2749564650
2601156564
2750691260
2749822922
2749569365
2611705254
2751783802
2877899771
2777019845
2735015168
2610452770
2751965295
2749230037
2751188077
2687625020
2682753646
2655950445
2747561120
2907821085
2666438180
2726323015
2580327190
2658936874
2697394835
2694538235
2747541919
2666504328
2663067820
2715716909
2629238083
2896817618
2566178700
2543545474
2683488146
2601233675
2880018279
2751917257
2665991373
2751708583
2726313284
2750353121
2547168833
2751960565
2650110317
2697262557
2749153950
2601295467
2749851129
2747103022
2696803919
2650076054
2900980549
2748843388
2870456301
2673267684
2601653165
2529797469
2719259341
2748745680
2925868807
2715762565
2655636489
2904516811
2687164155
2872670396
2750968332
2747656919
2672192725
2749793992
2696229734
2747575491
2929368689
2922873911
2684202090
2720307762
2674985083
2750772446
2601726829
2579370027
2601334830
2647874945
2697912199
2751227980
2746248412
2682491483
2875261257
2588795364
2746872166
2749770430
2747762612
2655832701
2671215729
2694080551
2749998409
2633967845
2658321245
2688448973
2635836584
2662222686
2696624497
2670135392
2674835286
2589187444
2742672465
2512022409
2748219178
645333088
2665733849
2716223560
2670521380
2559807385
2669417836
2670972024
2543618846
2632557857
2675807076
2583832108
2570624804
2923246089
2586135980
2851016970
2733879052
2674488666
2750514394
2696777767
2697203334
2906129230
2707617899
2694101207
2531177186
2672424952
2748632186
2600612230
2719696603
2747399125
2647157754
2647033790
2646631291
2519307014
2751223551
2906116047
2649941608
2928856648
2726163769
2751828644
2696969605
2699876539
2916191835
2751431650
2750103379
2690785437
2693796047
2749950928
2683061422
2670481041
2543742723
649676364
2749583909
2878904660
2916185618
2749736569
2916229552
2747489590
2751297969
2665372467
2750557067
2751292586
2520777105
2631771147
2724022203
2660395160
2715828233
2751613859
2657900620
2669453268
2880331642
2548941035
2647843898
2659301235
2720534086
2658065090
2651591271
2687927416
2719545006
2901681327
2750888415
2747270297
2687666970
2704025519
2743332132
2722754025
2703270459
2720016377
2871680604
2543140796
2742930277
2724785113
2601736381
2699695645
2924892542
2666239353
2672500953
2663931895
2559832171
2610441892
2588826168
2610445443
2611680912
2748861840
2569658224
2924942255
2573086218
2748852035
2572653573
2703412715
2695804120
2880027134
2601141622
2646253027
2552935204
2648606206
2703288094
2925507547
2640992228
2692964592
2726284363
2751238412
2663962128
2697087822
2751941299
2589839520
2750844225
2674202197
2780501090
2689284005
2697720104
2714862279
2663407454
2659708438
2750859349
2660283331
2876505730
2747136275
2747279875
2572883404
2874321001
2924951192
2658949026
2665336615
2665623577
2610637678
2871678148
2609964060
2601195024
2748755877
2546411840
2745428130
2742974758
2610583589
2751809327
2611651703
2748436188
2900958411
2632888547
2922228225
2656090751
2662941279
2697960562
2543657124
2747739092
2724836344
2730263256
2714385676
2707347437
2715834351
2662916742
2750008002
2912031327
2880321784
2669906220
2649571051
2897325090
2631286950
2684895339
2570410865
2718907588
2724148321
2749263308
2703414738
2872444494
2751284163
2876529003
2543595919
2645878121
2682678359
2751436535
2602447167
2543758275
2861020484
2657694048
2900971997
2774563329
2909197924
2750834231
2683030218
2746207300
2663918218
2648676442
2559896180
2706471510
2719276118
2665366754
2747179351
2543666702
2573983019
2541638659
2749320484
2825524730
2749507078
2601438802
2750247469
2750652572
2750050834
2723889072
2714855325
2572081592
2751814080
2749196631
2907899806
2602262701
2662600755
2665745561
2545439890
2751550508
2900986091
2749894118
2748180936
2733837531
2751370259
2549318530
2748243264
2678651611
2851028185
2553446036
2683024190
2748224462
2633372504
2747035221
2751469425
2590337054
2541599999
2651835763
2750128019
2727170597
2750419234
2779221390
2784127750
2748493328
642776372
2750185586
2721047560
2722576179
2662492924
2559801538
2588877415
2663100458
2723337454
2878873697
2751873117
2810194828
2869478736
2659548894
2672671089
2715822957
2610337809
2610672829
2925848696
2703312909
2758400337
2610769553
2601325620
2715743632
2660262164
2660358634
2691981183
2670826628
2648517187
2747748186
2583243608
2641717153
2721231232
2851828468
2646088552
2655910717
2543691274
2659283837
2751464531
2747442032
2750719455
2662536006
2521375913
2748594098
2748464837
2733834029
2577729979
2559944963
2749430669
2907835785
2749068017
2749574204
2748441032
2749301508
2674472705
2747461017
2648256051
2747327666
2666794041
2851461808
2684905062
2743028069
2749665065
2749526376
2582483407
2747122416
2905066834
2664724108
2582468785
2750084037
2632221994
2550980812
2874311111
2925496110
2588917902
2751931875
2588832651
2601138077
2747709814
2748359286
2588866378
2751213981
2687944393
2674300557
2601397640
2726297795
2619607078
2564313140
641876720
2673293107
2541667577
2697796827
2659928039
2747427602
2746543461
2749092034
2750457348
2851444009
2656078268
2641268074
2748940441
2726116930
2860995307
2769222713
2750993105
2642071716
2747585144
2903359112
2610710544
2561347790
2698586505
2696242008
2905135544
2659540239
2655860014
2559646097
2707641878
2588776006
2694054991
2696060266
2555210174
2750405052
2750338398
2872449762
2906152348
2793924078
2640800471
2659377134
2861025441
2664802342
2751407948
2540707771
2598542863
2720547269
2658170685
2915834346
2749144396
2877940364
651247286
2572934009
2749760710
2938149714
2939073220
2965654019
2966039636
2966049590
2546759745
2715788418
2909208789
2697241748
2678845622
2693816262
2937759977
2965640849
2965665625
2965691290
2966015527
2958354409
2961611270
2962110438
2962138245
2962155540
2962170897
2962544583
2958321957
2962759008
2969085931
2969468957
2906136281
2672949488
2745120217
2634015721
2744594782
2748717339
2749111061
2571723916
2629033772
2665839975
2726198305
2720117464
2658036808
2610402228
2871653597
2670815395
2747303681
2778799844
2750883480
2573417603
2640889377
2563728312
2747001722
2729437391
2573623974
2888688660
2825502560
2969420141
2969428723
2969459357
2748319496
2720891561
2683478107
2576628724
2541726094
2662886920
2610836786
2664473701
2750108379
2570635304
2750987873
2552262236
2637571823
2575754754
2610606590
2751579569
2533336404
2686709642
2747733629
2751773773
2673010343
2748451006
2922222319
2592496394
2749727010
2541654427
2903371696
2647693131
2752032343
2601255770
2903353157
2747782579
2916622835
2529908737
2543698440
2641156637
2712655215
2661336701
2847558907
2749330045
2748760065
2916196550
2597979628
2520364008
2793864006
2666414230
2742954269
2667280475
2747465772
2697477124
2661891764
2541734497
2698859981
2610886193
2925515622
2606070493
2641210766
2665566733
2545490380
2583660192
2722819851
2655954953
2588847335
2906203170
2641833619
2723551134
2724026770
2750290662
2559837224
2749401976
2925481348
2751287830
2755124106
2656022654
2750395527
2647028653
2749282537
2900997197
2602474846
2564755400
2751565085
2871656121
2869883791
2666918170
2750801129
2901733321
2580052687
2688667708
2742870413
2632555883
2543129386
2645914725
2812861601
2511850111
2630778925
2565300636
2632977077
2661088578
2552177855
2751279694
2601163640
2667286362
2543583123
2663273835
2714966798
2652774645
2748764889
2749655560
2519701678
2541743415
2751763859
2674266608
2726308451
2665588950
2692628821
2722662494
2851010289
2723229652
2795916403
2707696587
2692677796
2880316827
2748603787
2747275053
2742918029
2744054620
2638013444
2792753517
2751555401
2519386206
2678575005
2664751169
2588925061
2733842433
2719831600
2633166248
2780718287
2673620182
2670226139
2592513939
2630361777
2670232894
2793871447
2660250148
2655970677
2726093425
2678188638
2664610595
2569930596
2699193789
2750815480
2718626136
2686871161
2749974750
2747537122
2589853992
2748137493
2641892171
2850584405
2750957940
2751743417
2543541715
2722585191
2651027002
2543816315
2687971943
2748641709
2749917657
2673116401
2601285673
2659727126
2749602916
2576140919
2572445494
2665064131
2668305642
2638250097
2748935430
2659129540
2750700785
2719441326
2749306255
2659290789
2730924874
2601261885
2750952944
2720140229
2633517286
2661661921
2610496585
2703225283
2898875133
2633362544
2749483278
2746857948
2749009374
2749612702
2559974897
2671045089
2684198256
2860574218
2682808372
2520424916
642170020
2748832570
2569210496
2659624213
2750681232
2674622684
2549021552
2718974897
2746502401
646245496
2749979370
2601363565
2559952594
2922845835
2603660786
2543725576
2724842355
2610800565
2726086295
2664708123
2733851133
2588551301
2660286416
2875660264
2750948121
2695896931
2751422515
2657961781
2730327570
2747112521
2926722062
2751355777
2580110216
2897305757
2748488506
2726270022
2896427687
2662643876
2749798724
2748646888
2640741234
2746386383
2657917025
2578647575
2696385458
2912067515
2722595339
2749855900
2669391975
2569549656
2749749570
2703421018
2749941217
2661189797
2877550885
2543812100
2656019699
2669292155
2641360519
2678096049
2922856950
2707493910
2746605462
2877577942
2696408331
2663834957
2601180163
2720135624
2748469582
2870436271
2682823207
2712524295
2747719266
2703351674
2813055386
2531243045
2696252016
2689122095
2779213874
2577983329
2749984162
2696737758
2674669410
2674965969
2678166642
2662298885
2748910603
2683083770
2726401866
2748277260
2541602733
2610536381
2675043650
2793879957
2677740312
2743355899
2726606406
2751887758
2663115052
2663519674
2667384191
2751794086
2632982021
2520402039
2696301212
2662411301
2749397233
2748665357
2696466912
2749803412
2860989940
2666991574
2543680067
2859267594
2749540792
2749272755
2647444051
2555751329
2706441710
2564997225
637640935
2581575537
2751317454
2543629816
2548947235
2669804573
2647178830
2656038378
2726610142
2922817224
2907876447
2670300711
2784124622
2647024486
2610924262
2618887894
2729404249
2559940142
2610355410
2748812927
2640530788
2601369400
2689107990
2675352245
2550312912
2751403948
2656087414
2589205145
2601418556
2559998304
2847585651
2533319347
2747227035
2749168185
2702218519
2718617121
2719337300
2712343177
2750609560
2642086419
2690849163
2726411381
2909243527
2718776781
2648685886
2750204755
2697632696
2601450487
2748708538
2638106915
2925461039
2746229057
2666405463
2602383661
2860611191
2745933178
2749832277
2749087160
2633208421
2610945815
2701826780
2742947628
2602638195
2576499335
2694200601
2912081963
2567219359
2707608655
2670406381
2675405361
2636789791
2603853991
2589786471
2611109843
2916262855
2907812736
2573871328
2646976861
2665985946
2751003121
2662912030
2664864022
2750319788
2747690236
2703230689
2588806535
2520354891
2601429903
2916201927
2685229659
2897320267
2666631842
2654849958
2531855601
2751445707
2576185947
2749931767
2687743969
2539015019
2722653380
2699914497
2896799987
2751950908
2813204287
2748209602
2611888823
2687681608
2749512035
2649086106
2692519201
2674008796
2880040532
2559978131
2578367501
2690723791
2903376359
2909218985
2577142003
2519708426
2657417388
2575267988
2786687526
2721680671
2543672821
2573764297
2610732640
2877546877
2746959034
2520192273
2610425383
2922294774
2657652532
2535805420
2750065074
2749521564
2750093630
2749473825
2662756592
2747131379
2849913076
2675462897
2747356192
2748881449
2793896342
2703306189
2750309840
2618902630
2720364292
2748455380
2748877214
2909185385
2742940269
2667422036
2693849003
2610853672
2778914991
2851029729
2581065024
2922838485
2925810513
2694089262
2749784509
2563103061
2694486609
2903342221
2641016423
2637352238
2748740983
2718965715
2660615128
2701789586
2668487483
2699018716
2859727082
2751979720
2733886573
2650088481
2745226143
2560001989
2749836917
2748460081
2673199364
2747346759
2906172458
2695582914
2747045098
2662729210
2579939078
2589834339
2874335604
2747590009
2650126412
2543711093
2658302663
2659423527
642117180
2665266619
2535169243
2742884451
2602371427
2652563493
2541622398
2581720823
2791492926
2677994961
2664626261
2730058213
2746548150
2571224732
646599677
2750538561
2631693818
2843274745
2707747897
2748837378
2789790252
2726372388
2749588644
2701491995
2750786354
2721498070
2749363637
2666722124
2723555638
2729426384
2620600434
2554852560
2659563839
2703393978
2582261145
2661788633
2777025641
2674640714
2938768421
2938785089
2939108927
2939118700
2967482646
2662015607
2568783320
2743337472
2570247273
2938140081
2966027520
2962549432
2962566144
2962571208
2962136326
