gene	pduD
2969038771
2969045585
2969459358
2748301348
2588782080
2906136282
2683957580
2751248476
2742880101
2712313707
2751589339
2749593387
2639311965
2545467494
2702240115
2749741608
2747039989
2748808056
2748330115
2661970547
2813004009
2661027881
2874329999
2537930378
2748780023
2751526606
2703282051
2780275564
2570735893
2589870927
2688538944
2924922475
2751728769
2520367091
2969057935
2657546977
2601200898
2687753487
2660611110
2720117463
2886110988
2692099108
2742980940
2666677848
2720881130
2723481670
2749191872
2610606591
2605149318
2751778692
2662473399
2631685301
2688548804
2698859982
2543806151
2657809406
2749684212
2589874465
2588882364
2638607694
2925478861
2665566734
2694352130
2619460027
2633845833
2720813428
2647693130
2847558906
2618898418
2655319146
2748503283
642126681
2674847898
2835262790
2533399934
2749912909
2927798932
2520314821
2666731450
2750290663
2751398481
2697394836
2723918226
2751838256
2925481347
2558739630
2749053457
2751302756
2747541920
2550930582
2749650818
2751565084
2742554227
2602494283
2661336700
2906203169
2851449335
2724026769
2724127029
2655843255
2696975815
2651747102
2869883792
2655978583
2747522926
2637509171
2925486166
2751188078
2750695613
2915816703
2632555884
2751531314
2541644558
2543786697
2610430961
2751994065
2748508001
2533296338
2749693660
2602257268
2715762566
2683715544
2750223533
2588812847
2555952113
2676408297
2876537164
2722662493
2917355180
2749416226
2683720021
2922266928
2751708584
2707696588
2748603788
2901733320
2670155150
2688014044
2566178699
2701728097
2875666918
2662283932
2694041498
2749153951
2749851128
2751818794
2916247269
2670373482
2748555822
2925873989
2674548637
2664751170
2582432721
2601653166
2751863168
2907818973
2657446080
2660250149
2749793993
2749258515
2750333634
2603660787
2747575492
2752076220
2579370028
2751227979
2550761414
2751208363
2750171341
2750300823
2665598222
2601295466
2792753516
2718609411
2719292049
2569930595
2875245694
2909228180
2656033857
2675519942
2633967844
2742862219
2610665719
2601615114
2543816316
2670546864
2559907606
2543601356
2750839731
2543634596
2750898240
2779210186
2726137511
2747006555
2669361793
2659966096
2746591151
2592606930
2924960170
2588829013
2697203335
2878872522
2665134189
2671215728
2635836583
2813332370
2655668431
2720595580
2537029354
2720140228
2633517285
2675260352
2751269900
2683482867
2662226676
2748925846
2750829246
2612536757
2514284437
2878904661
2747260811
2748546171
2877932150
2549021551
2916229551
2641142321
2543789749
2539003829
2589881343
2601402452
2610858092
2751658787
2748803190
2751422514
2751292585
2674281947
2631771148
2748373528
2912042384
2722925262
2689410882
2647157753
2649941607
2541716339
2659437168
2719961745
2657961780
2580110217
2859254341
2658065091
2896427686
2692547356
2749798725
2746905844
2924967692
2743332133
2749459592
2695944998
2543689677
2746910516
2747614088
2746920534
2746472508
2663805707
2646030300
2580373155
2589752996
2813060222
2646165620
2659301234
2720534085
2682850512
2588564160
2720016376
2720020889
2642341392
2662643877
2669292156
2518845598
2669666566
2573086219
2683691542
2747016094
2750633463
2916207418
2640992227
2619197565
2659638524
2726284364
2580906894
2746238474
2611850741
2674965968
2597995788
2673135937
2663115053
2748910602
2659708439
2541590706
2750859348
2559855448
2588531657
2725859387
2703330679
2555194465
2648606205
2870436272
2703288093
2689122094
2601346695
2580063232
2750122982
2707632567
2922259835
2751460751
2749014381
2726298937
2745428131
2742974759
2541602734
2669633672
2746571957
2917365635
2610583590
2749397232
2543595918
2750590910
2586019006
2663339718
2640530789
2559946126
2750462037
2859267593
2543721924
2683089442
2751713719
2658164702
2606049228
2654923772
2590658218
2748325358
2631603273
2668654884
2706441709
2784251654
2575955155
2697960561
2648218108
2730072165
2601434961
2678072596
2749263309
2750088765
2750362188
2749196632
2689107989
2746881951
2726539143
2755726718
2520268267
2683103453
2916234970
2670617727
2664853904
2687990493
2675405362
2749168186
2592490713
2751970113
2726289280
2541638660
2726411380
2658915483
2896806015
2648685885
2665274269
2743035127
2749087159
2581077931
2550768060
2718907587
2693049835
2656087413
2631837867
2642086418
2870226528
2678274815
2534217681
2719702013
2907899807
2774792807
2748378793
2869452092
2572081591
2673552793
2636503154
2672671090
2750319789
2683112617
2610337810
2610672830
2675502218
2750642955
2916252187
2747418094
2793901651
2606146911
2703312910
2539015020
2674670658
2610769554
2668444738
2750519128
2519708427
2813204286
2746335694
2718769464
2586374512
2661293933
2900986090
2719341801
2722943341
2721444258
2576185946
2665105086
2703375636
2723634096
2647958863
2545961433
2750614276
2746186224
2791499493
2612153541
2602018569
2749354211
2786687527
2825520059
2559978130
2751873116
2660262165
2703323686
2659548895
2751337193
2555639857
2749550392
2633194967
2693849004
2922294775
2750873497
2669586151
2610853673
2543716393
2639410852
2670736362
2748565888
2636565210
2749044662
2670741641
2750595204
2573103997
2521375914
2628995201
2748594097
2922850960
2719264785
2505092580
2860590835
2661632823
2554669649
2896831417
2635888081
2640685704
2562910534
2748402553
2758377278
2610780437
2749301507
2749488232
2610694823
2648256050
2925819818
2703334400
2748455381
2909214042
2670294561
2641016422
2543733162
2748740984
2696044028
2589191026
2751931874
2601138076
2877922305
2748689098
2880352708
2610710545
2695846467
2747298909
2742662940
2564313141
2535165690
2630472494
2657906252
2664815351
2749698526
2747456265
2651133636
2743521862
2730067659
2647362416
2715741233
2813562989
2669028035
2670727070
2569313942
2703264396
2860619140
2916637000
2601397639
2851432554
2721140559
2640710124
2742958048
2742936098
2641268075
2665687161
2703943454
2747212682
2533307139
2662015608
2724164844
2631693819
2746595958
2610456964
2749363636
2707362140
2750452601
2877940365
2697896466
2777025640
2749945978
2697675395
2724076151
2670437017
2566184531
2589863243
2693147918
2697747530
2779246644
2652950045
2612364148
2589477849
2692431342
2640916526
2719920963
2687659556
2570247274
2749349242
2684697103
2747504289
2749760711
2938144309
2938168752
2938197188
2965665626
2965689173
2965691291
2966010315
2966034995
2966067643
2962153866
2962561421
2722669192
2965607965
2965624945
2965646341
2962155539
2962549431
2969006634
2969030232
2682813182
2748363975
2745120218
2750849145
2724153886
2610501977
2610434904
2720754819
2565313269
2696282428
2748680039
2666693848
2652848520
2601731370
2908545682
2665839976
2703968074
2576628725
2750942906
2667054758
2750883481
2703296766
2748994996
2750108380
2715846822
2664832181
2631700787
2633306462
2689103242
2662628758
2610716130
2638058314
2703318379
2747652183
2570215188
2825473263
2742875914
2926048131
2871653598
2723197356
2553121820
2888688659
2720131052
2630857285
2720826017
2749287242
2683732456
2694461436
2748142305
2533336405
2749497743
2749449931
2665171395
2569091526
2748984628
2750271376
2747384788
2543572501
2877910208
2748445867
2752014166
2715377317
2610595523
2632488661
2749134924
2635554357
2852250760
2543698441
2620643780
2669276631
2750504820
2746901084
2747532472
2746538649
2575179032
2532884630
2545490381
2723909975
2694121411
2646057035
2659841853
2905078295
2670510507
2750343218
2724769132
2916196549
2749727009
2749440425
2579882055
2750386433
2748551454
2660246228
2632977078
2597999239
2747083986
2747676328
2732493356
2747447012
2552177856
2909193648
2601163641
2660809770
2645791778
2666688604
2683035729
2861015774
2747294211
2565096985
2703405408
2674877299
2640635942
2647037702
2870446306
2692401318
2611228693
2900997196
2720285863
2655867292
2569719551
2720835027
2722567163
2726406589
2751965293
2534332795
2907821084
2726323014
2583959929
2588526025
2861031474
2925838152
2670226140
2750571301
2758387505
2750922967
2611655409
2664713066
2749841663
2747728764
2692677797
2751360827
2751960564
2569965998
2707637162
2665636743
2555681636
2629238082
2875240520
2631829656
2719836104
2751718705
2581709695
2749927052
2916630345
2588925060
2570194803
2751570000
2695822507
2719259340
2925853749
2580872788
2697801286
2748636939
2672192726
2698814553
2541624748
2674985084
2875276328
2664610594
2871673879
2698640423
2748651159
2724758746
2661615908
2637566133
2746953894
2749602917
2747537121
2576140918
2612105348
2562613456
2719298029
2749865410
2685340668
2658968928
2618878809
2900980548
2662292220
2601220452
2629285670
2655970676
2929368688
2694432801
2721070129
2572445493
2555842885
2576694262
2651027003
2748641710
2748204414
2750295516
2701748019
2750676542
2694402772
2726460452
2688342784
2512022408
2641843172
2747188899
2659129539
2750700784
2751698540
2635559427
2583832109
2543725575
2610579040
2601261886
2610800566
2670662356
2747699816
2661661920
2750357511
2707617900
2674835285
2724012186
2776718023
2720817933
2636639613
2720930863
646542889
2559142057
2589218963
2747513365
2688112280
2637159023
2746996993
2748895936
2520424917
2850994962
2672507319
2750199608
2825505955
2664708124
2747489589
2751431649
2589207104
2563092617
2922278470
2749979371
2554879621
2690785438
2747470532
2675284098
2559913423
2691308193
2695896932
2922248732
2559821179
2657973474
2520777106
2562357225
2550101533
2580144370
2655961636
2720350774
2589475727
2601363564
2670237264
2697130428
2724764311
2743002562
2665233908
2749879683
2746949280
2694292717
2748368795
2581655086
2751512299
2675058363
2678035781
2555255150
2747270298
2592507162
2610445444
2659788768
2545483918
2748866726
2749941216
2746605463
2720527047
2669453269
2721697349
2719545005
2669864032
2662705163
2650953355
2610792633
2716392884
2747160405
2726090253
2669267088
650490450
2601460495
2571357122
2747719265
2750776784
2703351675
2813055387
2661351339
2703249090
2726606407
2610637679
2577983330
2917375906
2696737759
2589738772
2661423831
2747375136
2536627166
2742681840
2638018722
2589767598
2590331743
2748277259
2667384192
2876501337
2683515182
2723213259
2718800133
2580099477
2665521496
2665649908
2715770834
2663407453
2751242960
2876505731
2618983256
2610874848
2610355411
2703242343
2750533381
2696466913
2670578307
2749898896
2749803411
2748436187
2677289817
2925521488
2749723319
2793913169
2555751328
2684809239
2696083951
2610705239
2748233520
2592532825
2869467592
2665301037
2751483783
2554849040
2541613234
2543777198
2669804574
2611791431
2703345918
2661514742
2685345666
2917334784
2726610141
2747680771
2588801333
2631758815
2930922941
2723175635
2860989941
2720830522
2718638617
2688884019
2675887385
2886095424
2664797769
2749182354
2849902495
2872444495
2686582667
2784124623
2707547753
2749445061
2588885905
2751653723
2610829717
2677767393
2687605000
2520831962
2649063799
2747743647
2703357824
2749889717
2534802018
2751922051
2656721039
2748156570
2847585652
2559896179
2603853992
2589786472
2610462676
2707514189
2748584425
2851930012
2693453861
2660434372
2601388639
2657466458
2860611192
2637967135
2601619960
2703414737
2640461923
2573769797
2696522406
2922869078
2656015247
2750652573
2602262702
2750050835
2721686097
2668748228
2747724010
2714991146
2637443965
2747752985
2673185960
2543565197
2903322211
2750767692
2637781460
2569745373
2628897741
2601377643
2750863765
2543830260
2748243265
2696499325
2924948369
2747661728
2726114332
2747499085
2707768575
2610737528
2750132822
2646990339
2673947868
2694200600
2923262625
2662912029
2664621557
2666631841
2531855602
2692863072
2722653379
2675608149
2756787382
2641339864
2601325621
2747059774
2750147112
2750213967
2645994339
2869478735
2520759206
2673809794
2707570115
2750012841
2514558507
2715800716
2667422037
2583243607
2750065075
2747140844
2749473826
2662756593
2659283838
2877561582
2791511090
2641048308
2747695022
2639442148
2678268048
2675462896
2719453152
2723337453
2880040531
2601168864
2660376583
2721231231
2581070986
2909174677
2662536005
2744760902
2610412315
2733834030
2747422863
2922302272
2559944964
2673522642
2749574203
2750623910
643363777
2746891525
2747327665
2851461809
2751753699
2751902792
2637352237
2748291842
2726475149
2697709258
2539801980
2733894792
2703955226
2588917901
2668487482
2748751097
2747394291
2750055487
2687944392
2726172083
2749607748
2581720824
2724751512
2543701382
2665266620
2749836918
2877924436
2747241618
2550974182
2659928040
2726171194
2656066904
2529897625
2672570682
2674300556
2859727083
2723821912
2693918747
2601360431
2750457349
2685237494
2747045097
2666737886
2746886649
2661819328
2733872590
2747370451
2546759746
2749626931
2746548149
2655860015
646599678
2750538562
2697701894
2843274746
2568783319
642742454
2726372387
2707675937
2554265762
2750338397
2726395621
2575120891
2650804625
2699077014
2675548790
2750481130
2603838765
2658170684
2749373320
2751479318
2567042219
2636931978
2747289494
2559641797
2572934010
2661797561
2573843915
2791492925
2769222712
2529904871
2633389863
2730058212
2674578936
2720423405
2872449761
2664525489
2860602297
2693871587
2628299174
2938176370
2938806289
2939530609
2965697905
2967482647
2958315510
2962127231
2962138244
2962544584
2962577267
2962581442
2962601560
2962606583
2648706059
2938199949
2965674478
2958348132
2969067118
2969075048
2969080560
2969414360
2969428724
2969433940
2969468956
2618384420
2715486331
2748426728
2637481120
2720891562
2661141281
2749955708
2786855148
2611867970
2693180025
2692029876
2875229797
2601211322
2751633687
2570253340
2707756250
2647647034
2750151972
2662886921
2746982461
2601228482
2824553177
2747082155
2690798670
2729437390
2825533440
2664946278
2631652938
2674021090
2646744305
2742892649
2891966806
2552262237
2969091184
2915864755
2629033771
2669122747
2640889376
2722681075
2722929769
2860613271
2658997116
2641504637
2637098855
2721061113
2748161447
2703430192
2719308927
2669423479
2543623679
2747733630
2535477470
2922222320
2673386603
2545481473
2720319177
2747767609
2687849979
2747782580
2916622834
2723905272
2749989135
2550921647
2610390778
2751272935
2520359714
2746977693
2750414544
2909203862
2900950534
2653088582
2720334482
2660924842
2701718259
2583660193
2697477125
2641203705
2751198068
2674218394
651063904
2747628284
2747222276
2601721740
2663280057
2569018058
2695912410
2661088579
2750409796
2875649615
2747380101
2663273836
2726129328
2588929600
2582327191
2662188740
2750868508
2721551252
2742954270
2663906959
2719301556
2589816096
2719220703
2647028652
2597983900
2917325714
2750801128
2663067821
2611786470
2663328495
2747561119
2663785440
2912536607
2715716910
2580327191
2555675170
2570356206
2719314080
2751763858
2748312277
2747107823
2673620183
2665720476
2726160257
2592513940
2751388771
2744616223
2589844434
2545966855
2618381674
2901669815
2723324432
2660271691
2751440893
2751760094
2633221537
2721203538
2903332680
2812861600
2565300635
2563985766
2923269962
2662176734
2714981394
2749641321
2748843389
2610846997
2748199599
2719685895
2598866664
2749478521
2748726822
2750772445
2545461514
2543614140
2870441209
2746248413
2750242777
2675807077
2682491482
2547205352
2793875059
2748320640
2750815481
2749974751
2748175765
2641892170
2742792226
2646867287
2733842432
2687475832
2872670397
2721190018
2905123601
2723332948
2901706093
2543541716
2569491018
2714971323
2687971942
2693978183
2538607588
2716403915
2723901669
2655675029
2751858215
2649713271
2559934445
2630150291
2704058890
2580689354
2906129229
2694101206
2696803918
2896779712
2554868278
2648101406
2888325231
2847553092
2750932943
2751828643
2701772337
2533761685
2684898077
2743347154
2572917165
2610942293
2726377368
2750190309
2897290074
2672825111
2751297968
2748147057
2668800669
2678096050
2875660263
2699695646
2666239354
2666964805
2748389091
2693765153
2673965803
2719346306
2928856649
2670035087
2660691250
643729791
2678699848
2665873113
2668769302
2751613860
2751355776
2748488505
2582349321
2672513279
2726387297
2726270023
2749063083
2748646889
2703301501
2850578405
2666639104
2610689169
2635510075
2569870390
2578647576
2750566612
2925858968
2641322794
2793854320
2703421017
2900967277
2747332477
2897295269
2880336776
2661189798
2813567495
2601736382
2543812099
2913110827
2733902069
2897305758
2813225053
2659420124
2742896370
2646961137
2742811769
2879996436
2666362443
2691464587
2664504270
2751545781
2692363176
2684078876
2851036007
2793907245
2726357656
2610536382
2552661266
2745937119
2669569052
2666149176
2538618896
2664934748
2870451183
2724132539
2748349768
642785468
2621201957
2674669411
2610420004
2697720105
2714862280
2922233120
2780714222
2570349791
2663519675
2748613248
2569169256
2922833851
2674182613
2726201469
2674234328
2880027133
2712524294
2630547866
2674202196
2520274616
2657835733
2647628468
2747136274
2747279876
2543753706
2774741905
2751426843
2632982020
2747093506
2549813546
2749019440
2682919170
2749707979
2742927650
2751809326
2749540791
2588791479
2564997226
2748397851
2673072633
637640936
2922228226
2662941280
2682678360
2747739091
2749120641
2559920566
2559923402
2530585219
2751768780
2658060596
2751883091
2684895340
2580507235
2588854480
2656487817
2746529147
2718661257
2668982531
2682827812
2688889108
2696029568
2774563328
2657645596
2666991573
2670214530
2693674275
2900958410
2683311958
2581575536
641321502
2649571050
641857513
2898881468
2656038377
2922817223
2660541961
2874321002
2657694049
2571669433
2875645813
2720002609
2900971998
2690733910
2610480961
2667415477
2559858345
2674308025
2750276214
2660529915
2678536076
2584041797
2580532916
2751604070
2747179350
2712650270
2742805824
2825524731
2726139094
2688569234
2543795883
2748708539
2746234521
2916262854
2748769646
2659822809
2751673686
2641499124
2923274409
2720926359
2650149969
2721344004
2682856069
2661523615
2650010867
2598588512
2925461038
2719079595
2719246463
2716399377
2749808357
2602638196
2750347975
2721213959
646908743
2748670098
2733876362
2751003122
2633668702
2725177052
2665745560
2747690235
2555821380
2747117683
2728619872
2747207917
2543638221
2683067202
2748224461
2871646988
2610559957
2543885798
2747203162
2747064624
2655305608
2718970341
2678651610
2687743968
2749512036
2714375196
2750142203
2610905715
2750185587
2683056340
2682997696
2574765551
2715743633
2721691922
2878873698
2727165207
2659373681
2749660309
2555964313
2657734212
2721680670
2707627573
2573764298
2707542738
2749177631
2749125353
2905066833
2924898236
2670633387
2520820209
2588903582
2725713448
2750719456
2714395606
2749130135
2667109843
2652280430
2721047559
2601658713
2662492923
2669040353
2718601796
2720414397
2670826627
2722947848
2665126781
2655910716
2719432312
2602199943
2748464838
2746963405
2748881450
2577729980
2749068016
2747122417
2638362584
2750733780
2749779666
2511714509
2870241057
2825466360
2658302664
2924904098
2690907737
2576907938
2907907296
2906145205
2750084038
2665545602
2642071717
2677402418
2747757851
2751252856
2667207938
2749789190
2659216078
2541667578
2747801489
2535169242
2673199363
2916223678
2697796828
2543579346
2636627132
2561347791
2545416727
2718621626
2718965714
2659255526
2675091108
2693154024
2656072743
2543833998
2726116931
2610622787
2747791899
2750428750
2659540240
2843975431
2903351892
2572458772
2707747898
2555210173
2750074496
2742667767
2747318258
2897301846
2746987115
2631495907
2748674856
2742970671
2546790001
2750118107
2915834345
2747313311
2610899349
2749058271
2851444008
2723372381
2898834897
2646765637
2694450779
2565091142
2719350810
2715779614
2670251851
2906152347
2723555637
2813574641
2663482226
2687748603
2747284633
2938149715
2938165537
2938180899
2938184230
2938773909
2939081295
2939093674
2939549920
2965654020
2966015528
2958311060
2958343711
2962108460
2962136327
2674640715
2938763277
2965619561
2965679919
2966049589
2966059123
2966066493
2962175143
2962556711
2939068191
2939105826
2968462810
2969014066
2969018064
2969047086
2969473729
2601213283
2661114647
2744594783
2570026859
2750648313
2659979385
2686719150
2749669882
2750233094
2747088733
2601277744
2775347703
2629928085
2751560346
2750218734
2748474276
2752056621
2784246608
2747309149
2751507538
2573417604
2610836787
2664586357
2924910025
2567037409
2750977875
2636667409
2747001721
2588786261
2541630337
2664473702
2577441353
2520822667
2630707304
2573623975
2751843190
2750667026
2825529469
2749206235
2703987014
2969096781
2672949487
2721074636
2742845886
2675585294
2675105923
2720949031
2860579511
2748229264
2610545473
2662468348
2748974762
2749731821
2747619149
2748451005
2610486631
2748713257
2747570768
2610820393
2610886194
2749813061
2520752347
2852368733
2751936630
2598546794
2701631752
2577246076
2665199268
2661458843
2743022511
2641777659
2570602203
2726551988
2695662601
2650097611
2529908736
2570617586
2664877175
2903371697
2726362588
2750045995
2750017517
2716408833
2726274802
2655819721
2610648531
2659234076
2749401975
2726318083
2639584887
2751287829
2746944830
2779235601
2543569227
638781103
2750366931
2749282538
2602474845
2749454616
2559628928
2906187825
2925455626
2908554125
2723551133
2641007135
2601751571
2535878706
2898864191
2612182649
2641457116
2520264686
2701723154
2697882578
2742870414
2747485287
2601354826
2647135189
2577483870
2752008443
2610725824
2538082702
2520749991
2825481312
2751984511
2633166249
2541743416
2749158707
2747413328
2749751022
2896817619
2543545473
2869436294
2720453732
2749382905
2751917258
2632084033
2696134530
2656569985
2723157762
2925827402
2707348373
2726545267
2793891068
2646335770
2872452109
2655975189
2573586623
2601233676
2730243307
2610721278
2659012027
2747103021
2750266670
2751555402
2749598043
2912049144
2678575006
2574994418
2874306297
2699117040
2659110124
2904516810
2750528642
2589764401
2659727127
2849029669
2559807384
2749950929
2610954463
2697912200
2748684321
2726367387
2646602032
2750917966
2750176022
2646430801
2746872165
2748137492
2663384530
2859273791
2687164154
2642031355
2647874944
2720338990
2718626135
2875676082
2748421567
2750957941
2888695557
2751743416
2748623190
2742797649
2610475518
2636971543
2861037609
2749516724
2662096719
2748589150
2668305643
2742672464
2758403835
2683072493
2748151825
2546408346
2666818988
2683061423
2592528490
2750748072
2749306254
2585966297
2543594847
2724842354
2586135981
2746877006
2701743021
2726081495
2722938781
2655832700
2722736009
2658004631
2859263306
2648328347
2723914478
2730924873
2674488665
2696777766
2670159436
2703225284
2695995137
2749483277
2726086296
2751574794
2545392006
2747399126
2874327272
2682808373
2751223552
2726163768
2749536033
2659624214
2747780232
2750209515
2750103380
2665534896
2779202199
2747256472
2688127302
2730331905
2687278133
2588551302
2673970458
2707622650
2912072909
2750705064
2878889203
2661393455
2900952237
2668297856
2696988476
2720359786
2742857422
2656042940
2726178624
2749039169
2543882140
2726343537
2715727017
2696032132
2747666611
2912036852
2715857961
2726328095
2847567615
2706436360
2588826167
2750060334
2748354533
2657917024
2692787679
2655523413
2672341093
2720551877
2669391976
2869456071
2724785112
2610598212
2707161450
2750004109
2730327569
2661782418
2720885634
2714310415
2610507656
2871680605
2870461617
2722803678
2633245600
2747546798
2559940141
2663834958
2747337170
2658949027
2913091397
2646253028
2699446475
2703392003
2749292069
2664566097
2925507546
2774923847
2748483737
2692964591
2743355900
2665623578
2702210175
2924936123
2750604780
2611811496
2780501089
642737566
2662298884
2683083771
2726382294
2576426022
2871678149
2747030340
2877577941
2696408330
2695804119
2682823206
2699167334
2696252015
2554798194
2718979399
2875655540
2529891891
2687009013
2749215849
2748793445
2601464531
2633341841
2592470436
2748915665
2750628682
2730237275
2752022709
2611651704
2692340437
2588809071
2589849892
2750471552
2752051712
2750113237
2749253776
2683526815
2917382770
2748693772
2714385675
2662916743
2669906221
2580446009
2861020483
2751974902
2749870172
2650903049
2666319749
2660390794
2913103147
2609964061
2636848095
2749082506
2720538758
2905146682
2533388466
2703368698
2749234851
2535767624
2729404248
2660495256
2750834232
2747432414
2548614992
2678470784
2746207299
2537778398
2750031778
2670406382
2533294965
2650781200
2747227036
2632314982
2665366755
2669784961
2658215606
2742685814
2707646856
2653007910
2917339841
2649774484
2674920475
2749832278
2748531861
2610945816
2723546629
2876529004
2720418901
2678723731
2582375014
2723923843
2860626939
2683967414
2923257785
2748579720
2699972674
2573871329
2751417725
2750228188
2576499336
2629090262
2747155602
2539796098
647940093
2916614809
2751608807
2749965060
2588806536
2749894119
2559817004
2749411533
2749717490
2751203000
2549318529
2748989628
2747236452
2751668692
2825462483
2723889071
2656009600
2647162210
2712380242
2601429902
2723186535
2649310742
2645838406
2888698708
2693094918
2719436817
2664755622
2699914496
2667022069
2924972338
2697546337
2749679398
2750973374
2562968350
2611697796
2559801539
2872665125
2692519202
2746968164
2610863812
2749072840
2660358635
2750166441
2601701036
2541723898
637217302
2541736142
2747748185
2877546878
2751738592
2601186660
2520192272
2908841703
2703222898
2641399858
2725895246
2573665562
2746576722
2638667277
2778914992
2719556592
2704075546
2718983906
2688872927
2896790875
2851438292
2751488985
2589823660
2752090500
2701758030
2876519905
2707355378
2723258044
2733891699
2748441033
2618902631
2666794042
2583812439
2574944676
2748877213
2724774538
2664724107
2559314551
2905060539
2550980811
2610655409
2633401999
2747585145
2751733511
2672129288
2903359113
2750400218
2751213980
2610869704
2743344337
2543660110
2750252308
2618536980
2559841699
2750161704
2751979721
2733886574
641876719
2673465642
2749636710
2618879382
2906172457
2701762668
2692781027
2719448649
2925496111
2719204429
2699018715
2662805642
2690775434
2666557426
2533303018
2748393085
2573695319
2879990772
2541698142
2662729211
2601147856
2690884080
2748940440
2750993104
2695918695
2669581517
2538067391
2647478703
2588776007
2749096857
2785618920
2520830768
2748837379
2748599061
2543895734
2674883625
2749884529
2750786355
2861025440
2750937899
2576488549
2851004037
2554852561
2749144395
2650968086
2701784766
2722934273
2519301682
2632179405
2746614975
2747671181
2938211520
2938755520
2938804674
2939083330
2939108926
2958321958
2958330029
2719229712
2939573107
2965630426
2966004432
2962121613
2962145738
2962170896
2962566143
2969420142
2969448792
2637185123
2707707783
2535473165
2749903590
2917350192
2554840667
2601309777
2554874221
2632101395
2912546699
2751257840
2569105305
2688754073
2610808111
2752046901
2751341579
2665645681
2810815471
2601338896
2683727383
2694345488
2880037608
2874318720
2657566429
2750443084
2658831914
2969444048
2702234876
2901739112
2670933603
2664849294
2720876623
2658036807
2900991599
2661801560
2724780702
2751579568
2880009293
2747475370
2610467736
2541734498
2751773774
2751788976
2674905142
2540288059
2750022276
2663150854
2543119758
2641210767
2923243338
2601373439
2539243168
2751927044
2742788528
2751233345
2618375879
2748760064
2712311389
2651575714
2572786569
2673999220
2730258134
2723217768
2696463670
2601311541
2682842444
2704049835
2632171069
2851466305
2903307006
2718946879
2748416885
2748660594
2699009893
2747772294
2555948734
2747714809
2563107210
2907865448
2748253260
2714986392
2658936875
2563116574
2712528376
2917344994
2750395528
2724007475
2850588576
2667286363
2657951318
2749631772
2749822921
2559961599
2752017954
2751683800
2723438657
2751783801
2750686092
2683981785
2707651583
2748570264
2747685479
2666504329
2735015170
2645972985
2877574936
2875238858
2600616358
2669451041
2678890811
2719107467
2917385655
2749311061
2663119956
2610452771
2728374548
2592501610
647149833
2688667707
2696789362
2748478970
2652774646
2751322380
2843972011
2748267727
2610334652
2582199677
2906190447
2747193424
2541694771
641879238
2692628820
2714976334
2562915676
2543124558
2807473987
2776711875
2726613636
2726313285
2750353120
2665733850
2632839307
2825510493
2750903170
2707166841
2578165468
2697262558
2723622859
2668471753
2550756241
2718743560
2852245726
2872436043
2877894455
2880018280
2539007163
2520766125
2659743870
2774913841
2632927736
2638013443
2693802738
2750495328
2793871448
2638288672
2750968331
2559797888
2601247487
2748871398
2633938612
2571448937
2539119708
2752095313
2632447175
2726093426
2749392531
2696531467
2664924115
2922862273
2751989351
2747762613
2580165122
2721674868
2684202089
2678188637
2779230474
2750819666
2670972025
2748541993
2694080552
2543852916
2667374870
2688448972
2661896704
2664501766
2589187445
2669780908
2601204623
2748935429
2603876873
2629414028
2536095352
2670481042
2750433584
2750514395
2569427560
2703987823
2847569893
2718794803
2645847733
2655995744
2682421956
2723895973
2641251355
2649233819
2733868169
2664511639
2592521568
2733879051
2875219168
2877569784
2721429316
2535869851
2748617934
2672424953
2748823175
2580019643
2601404220
2559974896
2750753432
642170019
2674622685
2750927879
2750662196
2559952595
2751327081
2733851132
2715806474
2669281406
2925843335
2924942256
2665372468
2661657609
2530309528
2875635168
2550849230
2571211281
2922856951
2751998986
2672500954
2727160350
2898875132
2721222161
2721194523
2925513099
2519307015
2746502400
2922845834
2691169572
2670872361
2919110344
2660395159
2747174668
2750098600
2747112520
2559956530
2926722061
2610441893
2657419865
2748431512
643370406
2719717467
2543646179
2750888414
2747556922
2677422686
2878047267
2611895098
2572375065
2749368391
2703996172
2747518083
2635848104
2751648726
2903346453
2572866872
2750485819
2588857536
2545448155
2753966268
2569658225
2716412886
2778927830
2720522542
2683707818
2720126540
2641127393
2664984733
2875223299
2687666969
2703270458
2656019698
2704005722
2685350654
2746586267
2555258485
2675043651
2538058301
2669941711
2610759614
2707792782
2729412398
2677740313
2749378154
2849034626
2748920600
2748469583
2601129257
2667323770
2747165779
2752085624
2629326329
2750238045
2702215647
2751887759
2748171026
2748537087
2748817944
2750844226
2541659972
2714964880
2748296658
2572117642
2748257856
2687612887
2751331848
2660283332
2908550014
2601180162
2908950868
2922316540
2779213873
2715721720
2723222337
2568734532
2751688776
2572883405
2536108609
2913094197
2589797270
2633723550
2748407140
2744611489
2573459966
2702224680
2750781504
2651294616
2861010931
2749272754
2666377378
2747020778
2632888546
2659804555
2541673325
2697858777
2715834352
2924886936
2678253914
2548947236
2647178829
2631286949
2588838752
2701732954
2723181973
2663058693
2505111656
2722745015
2810861333
2912031326
2665186067
2859251902
2695675475
2746867417
2752080946
2747451597
2742993375
2724148320
2581952679
2636874582
2647024487
2903327066
2618887893
2674888460
2610913554
2666758030
2733822892
2589205144
2715810756
2847579540
2750795857
2533319348
2751193007
2752105112
2538602814
2747509031
2719916415
2698970569
2563128314
2723134630
2669719102
2749320483
2697632695
2601450488
2751638680
2749922310
2746229056
2637807980
2666405464
2572010307
2554803301
2779239713
2696565552
2654988634
2675352244
2925502021
2718617120
2719276117
2922216901
2730076670
2922806125
2583827204
2543609643
2715841316
2907812737
2726210773
2696984878
2691714298
2750619058
2747150762
2533326239
2749004428
2751550507
2660330286
2670046948
2870245863
2520763493
2610745059
2733837532
2751370258
2554860425
2553446037
2654849957
2633372503
2750552337
2751469424
2699327864
2541599998
2750128018
2748209603
2665765790
2742947627
2638100099
2907871241
2541703529
2722580681
2901745780
2589756552
2726332637
2750376459
2582378214
2667257356
2748774315
2684905063
2667180212
2559982276
2810194829
2546795725
2715975775
2536102190
2610732641
2559633273
2922827857
2660756646
2529914243
2750093629
2547216949
2662807153
2666014141
2543691273
2743028070
2749665066
2743367202
2825496634
2603666060
2747356193
2682818178
2663955124
2661470998
2674008795
2730251789
2652499139
2652882061
2669654837
2641717152
2673723305
2697374485
2851828467
2631261570
2922811983
2721217649
2749430670
2793896341
2750309839
2925810514
2906121498
2610962858
2729262677
2580114985
2678233049
2907915984
2692944228
2752042119
2726397117
2659423528
2874311112
2746862667
2588832652
2664783253
642117181
2670874740
2563096618
2726297796
2648160175
2672901461
2703290113
2699713462
2750908495
2748460080
2571555604
2747346760
2665099573
2720808924
2907835784
2703306190
2602270182
2852489138
2694486608
2722657885
2667122779
2602371428
2907854218
2579939079
2874335603
2747590010
2532922593
2610675466
2683972275
2860995308
2677994960
2747351375
2861000646
2690867893
2559646096
2748951097
2751350838
2905106458
2559988718
2909208790
2749387756
2772287979
2909238706
2707369314
2743337473
2721498071
2749846409
2793924077
2697241749
2657501051
2837473286
2750371745
2860584944
2694054990
2721226724
2511973905
2722812331
2719514032
2678845623
2938140082
2938768420
2966030958
2958300606
2958332112
2962759009
2719208935
2939553741
2966073174
2958338646
2751394369
2702229401
2747594770
2606176637
2748319495
2610633096
2688573564
2749049028
2667392160
651550368
2925832981
2747403836
2872674986
2541726095
2610327494
2651270288
2689159516
2707360114
2750194986
2924983015
2562471660
2589779547
2519710982
2714380096
2610970070
2751643743
2659891908
2748522261
2651769344
2570635305
2912565443
2969425694
2969464368
2969479285
2634015720
2633466270
2672295306
2778799843
2720121977
2637525154
2703252118
2686936111
2747494263
2620596023
2724159486
2747637855
2750561882
2559791684
2601392621
2592496395
2555957391
2541654428
2751379261
2610492455
2683522040
2776706644
2672989315
2752032344
2669272459
2878881392
2903353158
2689948491
2657935576
2749330046
2581867408
2743007242
2825486558
2726123617
2751663709
2774003846
2692594542
2650054371
643236539
2917318741
2661740829
2637731502
2648527813
2612325211
2674972812
2572462748
2559892578
2749024790
2630287333
2730917903
2701992776
2588847336
2747054781
2726508877
2552266486
2748498156
2603848921
2751365325
2672489045
2748784289
2669885251
2749244325
2747704765
2691797227
2751540920
2577755920
2880326794
2637303186
2749564649
2601156565
2750691259
2725210966
2611705255
2871656120
2674048264
2666918171
2546387364
2746519364
2747787406
2733861889
2727061362
2562365545
2925868808
2559964771
2747389542
2720290965
2722819850
2655954952
2666809052
2693572981
2900975062
2656022653
2925822457
2638688314
2656004710
2721065623
2687981245
2697182029
2611740043
2916257386
2714966799
2750466791
2743362609
2543913722
2682753647
2751833428
2543129387
2535138880
2511850110
2662233895
2672013233
2793858254
2674266607
2579913699
2726308450
2696785365
2673918018
2748721992
2746610233
2669850797
2751912571
2569469717
2751307629
2670114394
2880316826
2630542115
2632735483
2655950444
2666438181
2533766801
2611732314
2719998001
2715768754
2670670619
2795916402
2869439529
2906179603
2699528125
2691133312
2677487737
2906165946
2650076055
2660571556
2610958783
2748344861
2747365695
2726283078
2543156008
2641748178
2749334797
2748745679
2538629705
2637206871
2750381254
2748999372
2673116402
2747656918
2520282172
2662617048
2733900752
2638250096
2721340549
2664515712
2559811599
2559851218
2707502447
2656056575
2742918028
2877915329
2656083474
2720935370
2719831599
2529797468
2661409169
2743353423
2747275054
2669032625
2657741944
2749998410
2652707708
2907860098
2746557684
2543618845
2750982930
2632557858
2748219177
2747011359
2653071222
2536293631
2663225887
2871640674
2752100224
2746562466
2748959977
2682428572
2722673735
2541647855
2641283282
2674560462
2697403177
2724754231
2570962640
2630778924
2850584406
2697937512
2690917763
2905129556
2696537573
2538622795
2719441325
2719533869
2812998264
2673504414
2531177187
2610496586
2750285950
2660799383
2746857949
2697752214
2749009373
2671045088
2922319158
2664694821
2646631292
2726182487
2687230784
2747025595
2696969606
2916185617
2749297281
2747169924
2543763201
2548883748
2660286415
2750948120
2543109031
2874295665
2610385869
2520410208
2749545523
2537921119
2663931896
2673285509
2778806476
2684198257
2860574217
2600625424
2641379520
2718954150
2724022202
2748412142
2726563500
2751312620
2707493909
2531239086
2559969602
2747126748
2548941034
2687927415
2750438330
2901681326
2747251567
2651632871
2693587240
2749855899
2876527734
2747187652
2750510661
2703341633
2620695692
2601696714
2696832903
2663053107
2812813245
2633789334
2669877563
2715828232
2722595338
2620591505
2569549655
2722571670
2880331641
2750314621
2729407148
2749622772
2793879958
2601141621
2751823607
2649319944
2922822979
2537925392
2678312341
2531243046
2665336616
2750709911
2520854081
2664671737
2675072728
2751941298
2749984161
2846263364
2689374604
2543801127
2684909574
2714007934
2647233748
2703412714
2552935203
2541709690
2732829884
2733857426
2663962127
2870231916
2570855691
2659056161
2707734389
2810871670
2666726430
2546411841
2924951193
2611118175
2849039594
2749502512
2748812928
2720737035
2550926023
2601409520
2697982680
2925466033
2749646068
2670186279
2724836343
2751436536
2659440754
2751317453
2543758274
2901721271
2610377703
2906157885
2907830376
2696291236
2903367347
2723328443
2696301211
2662411300
2663018082
2720343497
2559871994
2655508276
2720355279
2880321783
2750657405
2748847127
2601171067
2751804293
2610924263
2750758189
2533382939
2610611941
2559927322
2662380008
2601418557
2559998303
2666622316
2687976665
2543643605
2563109745
2716229913
2724138443
640914761
2749507077
2877538944
2750261905
2750204754
2638106914
2589747836
2750247468
2657868697
2715852283
2909197923
2878896498
2880029843
2719723210
2661276373
2908956069
2733826337
2655847887
2719337299
2647004825
2909243528
2722740516
2569454346
2610523563
2749435613
2690723792
2747360912
2536107693
2601716424
2670089201
2588545728
2692145045
2657552671
2543919392
2726514556
2646976862
2683314624
2749325893
2707608654
2825491467
2751412504
2543651729
2588740423
2698745753
2746533850
2715862337
2925848697
2916201926
2692858213
2576048609
2897320266
2559846230
2909218986
2611700676
2859275073
2683024191
2749874991
2751445708
2674862825
2610555990
2744425511
2590337055
2543838494
2727170596
2834017895
2912081962
2703230688
2723234155
2896799986
2668650538
2880356798
2659883824
2876548687
2750419233
2657417389
2747341900
2784127751
2749827510
2719526158
2692010941
641304017
2588931608
2903330141
2707689764
2661386197
2691981184
2742940270
2543672822
2726096853
2746959033
2750638177
2749225366
2745219080
2724854602
2558641323
2564746530
2749703216
2748788570
2535805419
645287233
2749688982
2751464530
2583778915
2667146182
2538084445
2752003652
2747131378
2545472835
2747442031
2610074820
2851029728
2581065025
2671037560
2611888822
2687681607
2779221389
2691687524
2722834326
2661901640
2742962222
2697846526
2692314079
2641279267
2670457966
2720144735
2655067237
2825539519
2657702733
2580483396
2922838486
2751584394
2750853900
2694089263
2730928600
2672396970
2903342220
2541622399
2700105150
2746581575
2807977340
2582468784
2601304178
2632221995
2670023581
2748133274
2750599933
2555999547
2746243241
2541682659
2660615129
2664769815
2610929976
2667271110
2786888489
2751375310
2673293106
2724859257
2560001990
2670264654
2693601255
2880001460
2715783385
2662132462
2719330187
2642245463
2793919588
638787622
2749092033
2632366307
2747623604
2750500066
2610512635
2696242009
2747806384
2749139649
2696060265
2897279900
2588908385
2749588645
2878886104
2683076463
2875670854
2748736196
2659355469
2751407949
2674495041
2682832732
2582261146
2661788634
2694307592
2550976564
2656078267
2655324335
2664626260
2656029304
2601296530
2655838741
2666722123
2640800470
2664802341
2620600433
2720547268
2691412241
637212760
2532582663
2938124713
2938749577
2938785088
2938793352
2939073219
2939118699
2965613789
2961611271
2962586835
2962611298
2646123097
2938795963
2965658867
2965669389
2966054336
2937759978
2969024339
2748900857
2747609109
2663160885
2751007923
2543923537
2748717340
2747796751
2601643580
2917360373
2663174783
2571723917
2574101930
2750424076
2610402229
2747303680
2750997725
2749969745
2661722341
2721208159
2749249040
2793884970
2578225328
2749860665
2611013379
2750987874
2749936545
2610763330
2649050144
2610936579
2721199029
2669342537
2661479963
2670815394
2714859144
2825502561
2672035575
2637571822
2825476311
2675602299
2747217464
2661891763
2673795014
2619273254
2686709641
2674255524
2906209187
2750912973
2925515623
2751628513
2751265011
2662622754
2610842462
2720302017
2660510492
2543764291
2749755863
2751723621
2655342735
2650152720
2642115370
2543150409
2692870571
2674516068
2601740634
2673010342
2652988877
2851456946
2690745999
2655308937
2880011561
2793864007
2519290563
2721381190
2667280476
2747322983
2751748595
2692188243
2520420543
2610367609
2520780553
2547835828
2641833618
2707666403
2677603378
2610373907
2588872602
2569271602
2658190541
2755124105
2678926314
2514291853
2751279695
2876540513
2748214106
2694538234
2922800254
2581497196
2714873198
2564755401
2746924735
2541675942
2655215046
2877899772
2906206903
2726148241
2552941675
2647696962
2877555737
2907848836
2721043055
2583750142
2659942415
2707613110
2746992660
2749230036
2533329461
2687625019
2645914724
2707581753
2662526990
2751521251
2580243352
2922238598
2750490632
2750810237
2751868138
2906170772
2601134721
2573157174
2610893980
2559903204
2869473320
2747437094
2662987228
2566496015
2650110316
2519701677
2722749519
2923284043
2720007158
2683488145
2723229651
2723817356
2547168832
2749406782
2693788360
2642220734
2925471706
2752037266
2744054619
2804610702
2581089758
2543707952
2749172915
2670232895
2636545646
2749210953
2749765443
2874302665
2678326502
2601285674
2543779700
2670521381
642747281
2685240931
2751892878
2922873910
2901698534
2601726830
2665561364
2683704987
2748517577
2698666442
2699193788
2722914160
2747408583
2559868344
2875261258
2588795363
2749770431
2747480070
2907883733
2698773704
2743012736
2519386207
2655636488
2655873476
2598254709
2656000254
2546398714
2886118274
2696229733
2665407510
2665913300
2686871160
2589853991
2543136444
2533313994
2641362518
2610566183
2601415986
2658321246
2672890135
2665064132
2661751730
2699093474
2750724141
2565780563
2589791901
645333089
2563589990
2660875925
2750728989
2550967053
2723312110
2909233208
2851016971
2750952945
2714866805
2661675701
2742851369
2672296821
2722585190
2696624496
2903309501
2670135391
2659290788
2719270269
2703371490
2749617239
2664807044
2860403800
2703361818
2749583910
2749612703
2747633112
2748798342
2631590093
2582038402
2751907780
2748832569
2590326999
2575901860
2748306303
2569336575
2699876540
2704012661
646245497
2577760991
2657521811
2558581796
2601711406
2519380013
2746600707
2924892541
2751593974
2750557066
2912556589
2662387686
2901751409
2719539749
2633315227
2715733046
2559832170
2704002805
2660680044
2750580911
2720296147
2601528281
2742632464
2916241940
2719711686
2662908256
2700016777
2746567232
2751848236
2633577273
2747049718
2692388858
2750257096
2751703716
2774906354
2648656129
2666039183
2571155156
2668639191
2726107091
2543929254
2647843897
2651591270
2721056606
2550934720
2696385457
2677774175
2742930276
2775224493
2719287412
2861007015
2748852034
2572653574
2748272504
2751794087
2751678876
2719691152
2749425886
2749674629
2847574907
2751238413
2748731502
2697087823
2750281027
2619410341
2747565923
2748891220
2678166641
2750137547
2747146171
2629924985
2543903412
2730063139
2630544025
2720135623
2877534153
2696718816
2648989884
2925862922
2601265531
2631290224
2916218270
2748703793
2520402038
2715866479
2668811406
2747599511
2750069815
2592602789
2589195903
2647444050
2645878122
2922254019
2543657125
2730263255
2543629817
2750008001
2748627421
2897325089
2533311948
2565310203
2601369401
2658109983
2691799532
2656090750
2707347436
2931339605
2691947584
2907876446
2661713812
2660920573
2726206434
2750542791
2751346158
2751284162
2697428770
2610534104
2554794842
2550312911
2588893186
2683030219
2692240968
2751403947
2670731298
2669070503
2657611764
2610395001
2748945250
2636789792
2543851707
2520860612
2683962438
2611109842
2871660511
2712343176
2743747520
2538636917
2543588839
2573983020
2872660252
2749960242
2543604947
2610627968
2633208422
2670799076
2742906940
2662125952
2706471509
2720944383
2583928907
2692206526
2707661571
2565774843
2610812970
2907894780
2694108179
2750893249
2726212999
2662600756
2749239539
2779223655
2665985947
2563122528
2813557124
2664864021
2674377695
2748906477
2693828783
2746929520
2903376360
2520354892
2718646250
2751623769
2721669208
2571699078
2696510027
2851028186
2751897802
2726352647
2749817873
2610320235
2666162336
2655078669
2749931766
2747035222
2640724881
2651608905
2543877883
2742985232
2554833677
2657410632
2876511776
2651835762
2701826781
2590340582
2658114763
2575267989
2726337626
2691792054
2632896674
2578367502
2748286939
2601176112
2877935266
2750576088
2750027031
2569561582
2637079853
2649578040
2909185386
2690889161
2648517186
2577638016
2657652531
2748512817
2665151515
2666986489
2569816653
2752027584
2668953857
2690771311
2774944788
2749526377
2704016615
2662510677
642776373
2696588852
2722576178
2670012522
2663100457
2696560617
2698999326
2519719333
2878910953
2588916054
2703236384
2536632274
2751521819
2674472706
2758389685
2563103060
2751451217
2703384878
2751455181
2599409928
2610550490
2752071387
2748359287
2707680658
2749468919
2748560577
2746934318
2750305152
2905054889
2664739768
2666206741
2662504986
2924957074
2747427601
2746543462
2719225207
2896820083
2667155891
2601648365
2545451350
2715813247
2751474192
2742884452
2659191484
642164642
2750743351
2543711094
2698586506
2906143732
2880347027
2748334960
2905135543
2692576593
2664549619
2543684330
2749220642
2748574939
2707671127
2559885943
2750405051
2618893819
2601251884
2540707770
2631358760
2749344425
2744598095
2748930702
2650126411
2531271852
2723208658
2916212649
2703393977
2923279626
2938206197
2938778728
2939088089
2939098517
2966020602
2962184240
2962593549
2906126284
2938125933
2938757785
2966039635
2962571207
2962596300
2969069073
2969438979
2969453907
2707657105
2747198403
2659697454
2750824399
2877904920
2661201219
2749111060
2746896314
2751946823
2703398678
2683478108
2541688498
2571715787
2748655889
2726198306
2677448405
2748166120
2751536139
2750180807
2782352651
2668742784
2678302705
2637223528
2673044480
2682744615
2748340026
2563728313
2896422628
2697036414
2540544288
2610777917
2748955879
2601157955
2749149257
2570508246
2682837769
2718785764
2698869007
2969052472
2969085930
2969409222
2913098394
2903315408
2846278138
2685249537
2603843975
2655090761
2650853753
2859247620
2750805385
2670182029
2575754755
2749712809
2655336294
2550094358
2610881050
2750715123
2906110461
2707157290
2671963020
2606070494
2601255771
2567211230
2657665465
2641156636
2712655214
2749034425
2726146303
2732824873
2747642535
2520364009
2666414231
2720939874
2670431696
2695607810
2909224091
2656046306
2632242554
2543145524
2597979627
2601381163
2749908167
2748190111
2747465771
2751618845
2659831847
2675792575
2543892566
2673626923
2631477653
2751384076
2563133242
2559837225
2726347644
2692223952
2690837439
2750079312
2570648022
2749315808
2543583122
2748384042
2749569364
2633154487
2565080318
2748250417
2645908725
2750962873
2896812389
2621264066
2647883442
2655852686
2692632575
2718764951
2646830807
2655981783
2580279236
2777019844
2701738170
2718960714
2580052686
646989475
2577365664
2750738501
2748764890
2751799191
2748827582
2749655561
2750328938
2531656426
2780718288
2746915327
2752066477
2726265435
2657539957
2665588951
2657922529
2751502776
2583664541
2851010288
2750476375
2778910096
2666932127
2630361778
2603872046
2719911748
2589772666
2896825744
2851000063
2545433600
2742901754
2665991372
2648774970
2719213449
2897286287
2750523876
2750447854
2678110875
2870456300
2663766317
2577063443
2562905727
2749029369
2716223561
2875640314
2658081731
2661776918
2610660058
2720307761
2559637548
2543822811
2601334829
2669417837
2748699015
2652776935
2541584923
2545404735
2601191440
2559876171
2669287375
2746972979
2686932107
2719282681
2673267683
2896785231
2665820429
2668964269
2721052104
2665344921
2730867683
2540420076
2610683544
2748263476
2601663403
2657943588
2662222685
2667017993
2545430261
2618372357
2869425350
2750791074
2750547516
2749917656
2658955593
2570624805
2923246088
2749531127
2749077645
2543742722
649676363
2909188686
2520405507
2672365045
2726126460
2682846052
2633362543
2748632187
2750156728
2683179913
2744299246
2719696602
2638146157
2610753858
2638263316
2656489724
2726193502
2589829506
2906116048
2569210495
2569740709
2750681231
2672605664
2849907878
2916191836
2677865006
2749736570
2778971745
2897310652
2751599092
2750036592
2601523122
2547212185
2923265217
2665862071
2703276412
2751498082
2562435401
2638403057
2748886768
2655966157
2600612229
2646804893
2663284909
2647033789
2641690765
2695777500
2718974896
2649013722
2667078858
2665800619
2671024325
2664629061
2543534427
2611130669
2573348573
2747647356
2748194822
2726303720
2751955596
2715795298
2545410468
2704025520
2746552960
2629340081
2746386382
2673364465
637601104
2749187098
2583990040
2648642776
2601705821
2601221830
2675725710
2543140797
2726185974
2693973016
2611680913
2748979566
2581566909
2748861841
2749749569
2750390777
2667102438
2652944146
2747527708
2519296062
2696327645
2645806240
2718790294
2722754024
2722829763
2742996985
2720011747
2912067514
2601322585
2841707582
2877550884
2657900621
2601152833
2749267986
2748608472
2649004046
2632543432
2629225337
2650776349
2664912967
2545455873
2750585663
2699473749
2589813172
2747265575
643360357
2726220396
2726103096
2589839521
2571463077
2726401867
2807336964
2715383103
2720409893
2620586978
2689284004
2722980914
2654825027
2750878500
2601195025
2665935279
2848628037
2745030683
2748755878
2661704289
2748665356
2746261210
2750671794
2747246712
2723416098
2543680066
640800247
2572549615
2559826238
2825515413
2924977692
2602447168
2719550945
2665205620
2683695865
2683977058
2640741233
2917389697
2719425218
2875252177
2687839586
2661627227
2693216659
2657765938
2570410866
2917370658
2749993771
2751693834
2691400327
2699996031
2749106384
2668713250
2693648211
2696792609
2576344576
2641190108
2663918217
2666899025
2648676443
2589860190
2702218520
2750324138
2758382612
2750609561
2663094282
2641972498
2672981455
2543666701
2601438803
2748185834
2571363289
2588864280
2602383660
2723341959
2670300710
2572590868
2720405387
2649725074
2601422762
2675748808
2851427230
2690849162
2718776780
2745933177
2581383603
2662112542
2538614798
2872655697
2714855324
2749339612
2751814079
2567219358
2851042108
2749555136
2646909291
2715822958
2545439891
2748964789
2748969767
2568829105
2748180935
2747074314
2685229658
642770836
2559862639
2726153393
2746523986
2545398078
2545882014
2641492545
2665077489
2758400338
2577142004
2673120206
2751950907
2746939141
2874290180
2675232444
2723618292
2543114501
2581502073
2723319499
2650068609
2897315777
2567207989
2748493329
2704027915
2725726570
2563124771
2649086105
2588877414
651164754
2663451552
2601291389
642135409
2543857890
2602935082
2581237862
2610425384
2631614609
2749521563
2512804442
2589807220
2646088551
2573135749
2748857025
2538052247
2543668572
2849913077
2640750163
2880341867
2697450911
2693514738
2574077808
2611139234
2720716735
2749421146
2582483406
2752061489
2633199692
2747551545
2747461016
2699793474
2652559369
2748527046
2749784510
2749277622
2748282073
2649949176
2875632546
2751493472
637404647
2880313419
2567032642
2667306917
2750762996
2751853224
2701789587
2751218183
2749464108
2747709815
2697969846
2588866377
2749101557
2749559888
2619607077
2650088480
2748238273
2696245221
2668728546
2692820178
2720556424
2851020523
2670142791
2720364291
2746113108
2672275982
2701752850
2667002336
2922308500
2669153371
2659031280
2655314665
2670344558
2745226142
2661043579
2738615839
2589834340
2620634603
2747098114
2641653106
2612315090
2535157753
2652563494
2629717483
2749358890
2707641879
2715788419
2789790251
2871636834
2692393953
2659377133
2729426385
2598542862
651247287
2695582913
2569952308
2571224731
2701491994
2655667048
2641077599
2660737206
2659563838
2723346464
2693816263
2938132686
2938156609
2939113737
2965638638
2965640850
2966027521
2958296732
2958354408
2962110437
2962164933
2962177555
2637791023
2966045598
2962189391
