gene	pduW
2969006618
2637185139
2637481104
2688573548
2969018080
2969425678
2969459374
2606176653
2749955723
2917350208
651550384
2751007938
2747494248
2969473713
2724153870
2634015704
2749593402
2748680054
2748363960
2588782571
2661141297
2663160901
2693180041
2665839992
2663174799
2886111005
2748808071
2689159500
2722681059
2747403821
2742980924
2750805370
2824553161
2630707320
2720131036
2714380080
2793886934
2689103226
2703318395
2694340310
2697035409
2750108395
2750443099
2638058298
2570215204
2880009309
2662628774
2655336310
2825476327
2550094374
2906209171
2750271361
2695607794
2720813412
2747217449
2751579553
2541734514
2665171379
2748445852
2752014181
2610886210
2569091543
2619460011
2726551971
2695662584
2720319161
2923243354
2903353174
2747782595
2750912988
2663150870
2903371713
2606070510
2652988861
2749989150
2610595539
2657935560
2750504805
2724769116
2610390794
2712311405
2851466289
2720302001
2674972828
2746977678
2903306990
2749440440
2583660209
2749908152
2697477141
2674847914
2563107194
2666731466
2906203153
2714986407
2631477669
2552266502
2543890190
2674877283
2640635926
2569018074
2732493536
2641007119
2746944815
2657951334
2558739646
2580279220
2749650833
2925481331
2747447027
2656004694
2749053442
2751302771
2880326778
2581497212
2750686077
2752017939
2546387380
2569719535
2659942399
2662188756
2747685464
2750801113
2610452787
2688667691
2696789378
2721203522
2743362593
2687625003
2718960698
2589772650
2666504345
2611786486
2748478955
2747561104
2577483886
2580327207
2577365680
2543786681
2896825728
2748827567
2663785424
2746915342
2541644574
2912536623
2715716926
2825481328
2722749503
2793858238
2780718304
2750810252
2631829640
2673619951
2562915660
2701728081
2555952129
2543124574
2751718720
2545966871
2880316810
2714981409
2665991356
2662283916
2719213433
2742918012
2751708599
2726545251
2569966014
2749153966
2750523891
2562905743
2662292204
2693802722
2720935354
2638013427
2751555417
2718609395
2719259324
2904516794
2750528657
2598254693
2687475816
2749765459
2872670413
2900980532
2632447159
2601285690
2603660803
2752095328
2668964253
2747575507
642747297
2751892893
2750772430
2748699000
2747408568
2675519926
2724758762
2559868360
2601334813
2543614156
2751227964
2750242792
2747537106
2559876156
2750176007
2588795347
2685340683
2722735993
2749602932
2749974766
2612105364
2572445476
2671215712
2601615130
2688448956
2718794787
2750791059
2750724126
2661896720
2749516709
2589791917
2751269885
2726126444
2592606946
2746562481
2720595564
2749077660
2674488649
2696777750
2733868153
2748959962
2719270253
2697403193
2610496602
2778806460
2672424969
2747513380
2748823190
2559974880
2696988460
2748925831
2687230768
2751907765
2726163752
2749536048
2641690749
2649013706
2726178640
2670872345
2749297296
2665534880
2601711422
2519380029
2874295649
2665800603
2678699832
2695896948
2748803205
2749039154
2687278117
2633315211
2559832154
2922856967
2657961764
2665233924
2748431527
2721056590
2912072893
2611135078
2573348557
2859254363
2750098585
2720527031
2694292701
2661782402
2750060349
2749063068
2687666953
2666639122
2592507178
2669864016
2746910501
2569549639
2682850496
2655523397
2601705837
2726185990
2749855884
2543140813
2749941201
2646030317
2580373139
2841707566
2747160390
2747527723
2668639175
2610792649
2692363192
2716392868
2555258501
2559940125
2704005738
2851035991
2751242945
2747546813
2746586251
2683515198
2695804103
2749378139
650490466
2703330663
2632543416
2849034642
2552661250
2749292084
2629225353
2750776799
2743355916
2750238060
2750859333
2666149192
2629326313
2718979383
2748349783
2751941283
2748296673
2746238459
2674202180
2780501073
2780714238
2747030355
2696737775
2714862296
2922233104
2541590722
2745030132
2748755893
2726298952
2876501353
2748793460
2631290240
2660283348
2748703808
2586019022
2663339734
2744611505
2520402022
2730237259
2632982004
2750657390
2573459982
2632888530
2661627211
2682678376
2564997242
2647178813
2748325342
2664797753
2750007986
2901721255
2693216643
2657765922
2723341943
2661713828
2631286933
2548947252
2922817207
2746529162
2570410882
2660920589
2718907571
2580507251
2726610125
2601171083
2703368714
2650149953
2751346143
2548615007
2670617711
2559927338
2750834247
2751653708
2693648195
2610611957
2601418573
2636789809
2584041813
2670799060
2678723715
2750795842
2610395017
2520860628
2751192992
2870226512
2631837851
2718617104
2752105097
2696522390
2698970553
2543849242
2663094298
2742805798
2749507062
2534217665
2719701997
2917339857
2707646871
2749960227
2922806109
2602383644
2751673671
2610523579
2748531846
2690723808
2747360897
2539796114
2602262718
2749435598
2554833661
2646976878
2747155617
2723889055
2691714315
2670089217
2662600772
2750614261
2601716440
2714991161
2567219342
2725177036
2750767677
2655305592
2748964774
2751370243
2793901635
2610672846
2543566316
2662912013
2670046932
2712380226
2637781476
2723618276
2638100083
2718970325
2751202985
2747418079
2747661743
2545398094
2751897787
2683024207
2610556006
2610559973
2519708443
2559866024
2851028202
2543638205
2666162352
2825462499
2640724897
2651835746
2747203177
2610737544
2541703513
2665105070
2901745764
2664755606
2749512051
2562968334
2658114779
2747341885
2749354226
2725726586
2742985248
2750419218
2662510661
2922850944
2610905731
2748774300
2687681591
2582378198
2663955108
651164770
2880040515
2661901624
2588877398
2715743649
2632896690
2669040337
2727165223
2667180228
2546795741
2610863828
2569561598
2661386181
2541736158
2555639873
2750873512
2667422053
2749550377
2665126765
2520192256
2743028086
2749703201
2721231215
2748512832
2698999310
2750093614
2659283854
2628995185
2641399874
2573665578
2631261586
2748857010
2749665081
2750595219
2610074804
2725713464
2774944804
2747695007
2876519889
2707353676
2562910550
2703306206
2673522658
2747122432
2851020539
2610694839
2662132446
2880313403
2751584409
2925810530
2601360447
2925819801
2906145221
2674472722
2807977324
2748291827
2667002320
2751451202
2582468768
2907907312
2632222012
2543733146
2690907753
2719448633
2677402402
2541682675
2703264380
2726397132
2747394276
2618536964
2610929992
2564313157
2703290129
2657906268
2924957090
2733886590
2905054873
2541667594
2750908510
2695582897
2749092018
2747212697
2747098099
2610675482
2696242025
2655324319
2520830784
2656029288
2724164828
2631693835
2909208806
2789790235
2543895718
2748599076
2747318273
2610456980
2749363621
2683076479
2589477833
2640916510
2749846394
2906152331
2641077583
2659377117
2601251900
2576488565
651247303
2655667032
2723555621
2749144380
2636931962
2837473270
2750452616
2582261162
2719229696
2646123081
2937759994
2938176386
2938778744
2939105842
2965624929
2966045614
2938785072
2938804690
2965638654
2958311044
2965613773
2965697921
2958343695
2696282444
2969067102
2969085914
2618384436
2672949471
2846278122
2712313723
2570026875
2751589354
2969096765
2913098378
2707707798
2745120234
2611867954
2750648328
2655090745
2749903575
2748717355
2917360389
2683478124
2749669867
2721199013
2748330100
2576628741
2661479947
2859247636
2746982476
2875229813
2651272532
2662886937
2601228498
2569105169
2720121961
2752046916
2537930394
2636667425
2631700771
2924982999
2750977860
2810815455
2683727367
2573623991
2751843175
2664473718
2714859128
2896422612
2578225344
2686936095
2742892665
2682837785
2720826001
2721061097
2670182045
2642115354
2723909959
2650054355
2610606607
2748229279
2749497758
2698859998
2750022261
2610467752
2631682745
2559791668
2748984643
2748450990
2750715108
2633845817
2917318725
2720334466
2689948507
2662468364
2520752363
2657665481
2748760049
2570617570
2723905256
2632242538
2746901099
2618375895
2880011545
2545490397
2579882039
2747772279
2655308921
2520364025
2703405392
2520780569
2532887329
2647696946
2749024775
2659831831
2610367625
2724026753
2559837241
651063920
2718764935
2726347659
2749244341
2663280073
2726274817
2610648547
2724007459
2694538216
2695912426
2748784304
2751287814
2750366916
2612182633
2696975799
2678890827
2655981767
2877899788
2645791762
2559961583
2582327207
2666918187
2748570279
2701738154
2533329445
2663067837
2682753663
2632555900
2662527006
2647135173
2610334668
2751516834
2872452093
2543129403
2748507986
2751763843
2925838168
2749751037
2602257252
2662233911
2688014028
2541743432
2672013218
2861031490
2750328953
2665720492
2715768738
2588812863
2665588967
2722662477
2707696603
2547168816
2683488129
2656569969
2630361794
2880018296
2750476390
2707637177
2901669799
2751307644
2648774954
2778910112
2750903155
2749851113
2752037251
2747103006
2659012011
2686932091
2660571572
2610958799
2748199584
2664751186
2750266685
2678575022
2896785215
2661776934
2925874005
2909188670
2641748162
2665820413
2636545662
2659727143
2749210938
2665134173
2559637532
2543779684
2752076235
2684202073
2726367402
2579370044
2697912216
2699193772
2718626119
2541584939
2875676098
2750171356
2748320655
2665913284
2545404751
2668305659
2850584422
2576694278
2618372373
2693978199
2750676557
2538607572
2670135375
2565780579
2776718007
2748204429
2720817917
2730924857
2812998248
2663225903
2703987839
2750729004
2724844856
2742851353
2720140212
2733879035
2722673719
2747699831
2693765137
2697752230
2719696586
2726193518
2749617254
2748798327
2750829261
2649941591
2673965787
2689410866
2646804877
2647157736
2726182471
2664708140
2647033773
2850994978
2669877547
2704012677
2748832554
2590327015
2672507335
2825505971
2749736585
2747470517
2690785454
2751327066
2543109047
2750705049
2548883732
2750948105
2562435385
2724764295
2571211297
2748886783
2666239370
2638403041
2726563484
2748488490
2671024341
2696032148
2912036836
2726387282
2543646195
2691464603
2748646904
2687927399
2896427670
2847567599
2746905859
2720016360
2662908272
2659788785
2704025536
2640737465
2629340097
2633577257
2672341109
2746920549
2750566627
2620591489
2750485804
2545483934
2578647592
2876527718
2662705147
2569658241
2707161466
2722803662
2545448171
2719287396
2742930260
2869456055
2716412902
2588531641
2730063123
2696408314
2601129273
2748272489
2630544009
2720135607
2751823622
2541709674
2665336632
2611811512
2658949043
2537925376
2750122967
2877534137
2748483722
2813055403
2715770818
2751678891
2747165764
2581076094
2699473733
2750604795
2630547850
2748817929
2663407437
2751238428
2674669427
2747565938
2714964895
2568734516
2726401882
2750281042
2715721704
2723222321
2751331833
2590331759
2687008997
2619410357
2684909590
2663519691
2654825010
2647628452
2707632582
2751688761
2719425202
2592470420
2749215834
2930922925
2601265547
2572883421
2666726446
2924951209
2663058711
2746261226
2860989957
2651294632
2588791463
2747246697
2750781489
2592602773
2749723304
2723416082
2559946110
2589849908
2662941296
2559826254
2648218092
2825515429
2665301053
2543758258
2645878138
2543657141
2559873386
2917382786
2530585203
2543777182
2533311932
2606049244
2880321767
2541616861
2580445993
2751974887
2742993391
2849902478
2750542776
2697428786
2909197907
2726206418
2678072580
2703414721
2784124639
2746335678
2699996047
2719723194
2610829733
2908956053
2749106399
2534804336
2748945235
2747227051
2589860206
2724138427
2648676459
2538636933
2751604085
2672981439
2669784977
2647004809
2649774468
2638106898
2583929135
2750050850
2571361831
2692206542
2581383588
2923257769
2872655681
2718769448
2719079579
2633208438
2742947611
2726514540
2576499352
2673947852
2703230672
2538613656
2707608639
2751412489
2749411548
2749555121
2747690220
2683112633
2588740407
2555821396
2628897725
2685229642
2698745769
2723234139
2721444242
2751608792
2543114517
2747499100
2696510011
2611700692
2693094902
2655078653
2749931751
2577142019
2581502058
2750552322
2704027931
2758400354
2871647004
2750519143
2667257372
2659883808
2750376444
2750142188
2721047543
2559801555
641304001
2670012506
2674008779
2692010957
2704075530
2723337437
2751873101
2750027016
2721680654
2660358651
2810194845
2633194950
2505089568
2750012856
2905066817
2751738607
2922827841
2610853689
2726096837
2851828451
2749521547
2512804458
2589807236
2896831401
2791511106
2640750147
2719556576
2878910937
2909174661
2573104013
2922811967
2748594082
2749068001
2720556408
2749488247
2701758046
2672396986
2694089279
2746113124
2563103044
2724774554
2896820067
2870241073
2909214058
2670294577
2648257844
2610962874
2749277637
2751753714
2601304194
637404632
2715741217
2746581590
2555999533
2545451334
2667306933
2751853239
2719204413
2751455166
2660615145
2925496127
2715813231
2668487466
2748689083
2751252841
2667271092
641876703
2664783269
2749101542
2749559873
2751375295
2675091091
2746934333
2672901477
2666206757
2665266636
2877924420
2690775418
2571555620
2668728562
2697675379
2633389847
2543579362
2533303002
2742884468
2666737902
2733872606
2612315074
2636627148
2602371444
2670437001
2742936114
2610622803
2531271836
2683972290
2696060249
2747590025
2769222696
2750993089
2843975447
2571224715
2748334975
2559646080
2588776023
2723208642
2543684314
2694054974
2674883641
2612364132
2742667782
2720423389
2746987100
2872449745
2915834329
2603838781
2721498087
2793924061
2875670838
2674640731
2648706042
2747504304
2851004053
2746614990
2610899365
2567042235
2559641781
2748930687
2938124729
2938125949
2938140098
2938197172
2939083314
2939573091
2965679902
2938757769
2938773893
2939068175
2965607949
2965654036
2965658851
2958296748
2966066477
2958348116
2962177539
2961611291
2962127215
2962561437
2962145722
2962155523
2962566127
2962110421
2968462826
2969433956
2969047070
2969428740
2601200882
2742880117
2610501993
2915864739
2969038787
2969479269
2601213299
2749287226
2774003830
2906136298
2969080544
2747198418
2877904936
2747796736
2620596007
2647647050
2574101915
2669342521
2750424061
2677448421
2720876607
2751633702
2670815378
2778799827
2637223512
2742845902
2601277170
2570253356
2673044496
2664586373
2589779563
2751341594
2661027897
2673999204
2519710998
2729437374
2874318736
2553121836
2747652168
2649050128
2751728784
2703986998
2751643728
2610716146
2570635321
2520367107
2703430208
2692594526
2662473383
2724780686
2673795029
2747733645
2692870555
2730258118
2900950518
2749731836
2659841837
2747570783
2543119774
2650097595
2601311525
2704049819
2635554341
2567211214
2648527797
2690745983
2687849963
2661740813
2878881408
2543698457
2618898434
2747532487
2632171053
2638607710
2669276647
2847558890
2916196533
2662622770
2726146319
2665199284
2743022527
2750414559
2572462764
2751663694
2750046010
2742954286
2748190126
2692188259
2835262774
2647883426
2641833602
2533399950
2748253275
2610373923
2630286092
2877574920
2641203983
2632977094
2750290678
2603848937
2747054796
2563133226
2751398496
2666809036
2677603394
2646830790
2656022636
2667286379
2719220687
2850588560
2637303170
2577755936
2751365340
2690837423
2660809786
2747380116
2749822906
2725210984
2922800238
2683035745
2726131681
2687981229
2751783786
2906187841
2719911732
2564755417
2751683785
2723622843
2751965278
2714966814
2746992645
2663328511
2747485272
2907821068
2749655576
2843971995
2748267712
2511850094
2633166265
2749158722
2555675186
2747193439
2674266592
2719997985
2533296322
2742901738
2543545457
2670670603
2750571286
2877894471
2673918003
2751868123
2601134737
2726160273
2751502761
2876537180
2748721977
2922266944
2566496031
2746610248
2750353105
2666932111
2632735499
2707348389
2646867271
2699528140
2730243291
2751818779
2610721294
2659743886
2743012720
2674548652
2719685879
2632927720
2747365710
2580872804
2559797872
2744054604
2678110860
2658081747
2638288656
2546398698
2716223577
2750381269
2685240947
2749794008
2670521397
2720307745
2746248428
2571448953
2748684336
2675807093
2656033841
2683703369
2547205367
2750815496
2746872150
2749770446
2746972994
2533314010
2722585174
2748175750
2901706109
2694080568
2641362535
2750957956
2748263491
2657943572
2543601340
2905129540
2696624480
2750295531
2664501782
2655668415
2694402788
2546408362
2748151840
2649713255
2659290772
2719533853
2550967037
2682428588
2674560446
2906129213
2670159452
2746877021
2535869867
2601261902
2714866821
2703361834
2748617919
2750285965
2682808389
2682846068
2750753447
2747399141
2612536741
2747489574
2659624230
2750209500
2699876556
2748546156
2589207088
2748306318
2849907894
2750927864
2547212201
2751422499
2533761701
2657521795
2691169588
2703276428
2641379504
2665862087
2559913407
2925843351
2922248716
2750557051
2520777122
2748373513
2748389076
2646165604
2919110360
2530309544
2548941018
2707493894
2747112505
2531239102
2748368810
2880331625
2726328110
2750888399
2543534443
2657900637
2559971176
2720296131
2715857945
2749798740
2747556937
2718790278
2715795314
2664984717
2657917008
2743332149
2747187667
2610689185
2722829747
2673364481
2720020873
2601221846
2692388842
2635850772
2742811785
2648656145
2897295285
2703421001
2750390792
2807336948
2663834974
2601736398
2877577925
2675043667
2538058317
2922822963
2750314606
2685350669
2749622757
2748852019
2726090237
2747016109
2703388335
2749425901
2870436288
2703288077
2925507530
2640992211
2619197549
2847574923
2732829868
2580906878
2697087839
2703249106
2689122078
2702215663
2917375922
2696251999
2580063216
2520274632
2846263348
2648989868
2571463093
2673135953
2726382279
2723181957
2667384208
2707734405
2661704274
2559855421
2903367331
2746571942
2774563312
2748613263
2922259819
2810871686
2746867402
2610355427
2668811422
2723175619
2751809311
2722744999
2750113222
2750590925
2749803396
2666991557
2750069830
2670214514
2747020763
2543721940
2640530805
2666377394
2684809255
2693674259
2900958394
2610705255
2670186295
2924977676
2751883076
2575952077
2659440770
2649571034
2661514758
2554849023
2875645797
2610377719
2636848079
2907830392
2749870157
2581952695
2658109967
2696291252
2701732938
2572009096
2749082521
2641499108
2876529020
2750362173
2900972014
2660495272
2696565536
2520831946
2880029827
2677767371
2641190124
2662379992
2755726702
2520268251
2670406398
2666622300
2533319364
2660529931
2720418885
2666899009
2580532900
2550312893
2743747536
2706471493
2642086402
2723134613
2712650286
2751638695
2718776764
2665274285
2588862449
2907894764
2715841332
2610812986
2743037355
2749832293
2665765774
2750347990
2573871345
2647162194
2646909275
2747723995
2657553246
2563122544
2674377710
2543651713
2747117668
2903376376
2601377659
2576048625
2728619856
2554860441
2553446053
2707768591
2545882030
2543885813
2751950892
2647958847
2545961417
2550976881
642776389
2749827525
2531855618
2541599982
2693514722
2876548703
2714375180
2719526142
2720414381
2661470982
2825520075
2750213982
2673809810
2645992589
2652499123
2715975791
2703323670
2730251773
2574077824
2688872911
2536102206
2610425400
2657734228
2747748170
2750638162
2581237878
2670457947
2661632807
2657652515
2752027599
2581070970
2583243577
2529914259
2573135765
2636565226
2720144719
2896790859
2666014157
2849913093
2749130120
2671037576
2535802721
2747131363
2670741657
2581065041
2538084461
2638667261
2721217633
2751521804
2922302256
2723258028
2701762652
2748527031
2641016406
2541622415
2633199676
2747551560
2748877198
2656066888
2670142775
2749784525
2699793489
2602270198
2701752834
2825466376
2559314567
2748133289
2539801996
2730067643
2637352221
2670023597
2905060555
2610550506
2750763011
2793919572
2733894776
2751733526
2588832668
2748359302
2703384894
2718965698
2701789603
2610710561
2786888505
2748560562
2707680643
2667122763
2751213965
2851432538
2673465658
2618879366
2656078251
2581720840
2724859273
2726171178
2742958064
2750743366
2646765621
2659191468
2748393100
2589863227
2694450763
2906126268
2703943470
2747370466
2695918679
2898834881
2589834356
2629717499
2751350853
2568783303
2750428735
2861000662
2559988702
2519301666
2565091126
2632179389
2601296514
2674578920
2707675952
2719350794
2701491978
2897301830
2749344440
2744598111
2666722107
2598542847
2719920947
2751479303
2722812315
2751407964
2747313296
2723346448
2678845639
2661797577
2637791007
2693816279
2966054320
2958315526
2939549936
2965669405
2939113721
2966027537
2958300590
2939093658
2939098501
2962184256
2962556727
2962577283
2969014050
2747609094
2786855164
2750849130
2746896329
2969024323
2969409206
2749049043
2748426713
2703398694
2601643596
2702240099
2784246624
2541688514
2872674969
2610402245
2667054774
2678302721
2571723933
2721074620
2541726111
2912546683
2652848504
2658036791
2688754057
2665645697
2748340011
2692099092
2610836803
2541630353
2721208143
2610970086
2589870943
2860579495
2900991583
2924922459
2611013395
2750987889
2720939858
2749860650
2748161462
2661891746
2688548788
2909203878
2605149334
2751788991
2545481489
2696463654
2748503268
2748713272
2682842428
2925515639
2752032359
2749134939
2776706660
2751927029
2550921663
2732824889
2742788512
2751233330
2751272920
2529908720
2581867392
2620640588
2539243184
2651575698
2726362573
2572786585
2747465756
2751618860
2663906943
2747322998
2719301540
2907848820
2747676313
2707666418
2647037686
2723551117
2747628268
2658936891
2870446322
2712528392
2589816080
2552177872
2750079327
2535878690
2691797243
2638690553
2611740059
2597983916
2749454601
2655215030
2742554211
2570648038
2900997180
2611705271
2747787391
2747294196
2663119940
2750695598
2750466776
2751984496
2747522941
2637509155
2728374564
2751531299
2582199693
2535141421
2666438197
2748312262
2579913715
2923284027
2545433584
2655975173
2550756225
2610893996
2566178683
2573586607
2875240504
2601233692
2851010272
2749841648
2723324448
2869439545
2662987244
2744616239
2776711891
2723229635
2660271707
2581709679
2749406797
2747437079
2698773688
2663384514
2774913857
2912049160
2707166857
2748555837
2749172930
2751569985
2749029354
2695822523
2670232911
2925853733
2657446096
2722938765
2697801302
2601220436
2874306313
2660250165
2659112240
2672192742
2750333619
2698814569
2520282157
2662617064
2746953879
2543822795
2901698518
2569930579
2779230458
2694432785
2665561380
2646602016
2698666458
2562613439
2652776919
2748517592
2664515728
2909228196
2559811584
2719298044
2655832684
2669287391
2601415970
2742797633
2543852900
2651027019
2847569877
2601663419
2750819651
2554868262
2665064148
2648328331
2701748035
2750839746
2648101390
2683072509
2903309485
2543618829
2632557874
2563590006
2716403931
2512022392
2750748057
2723312094
2655995728
2683061439
2751698525
2659966112
2543594863
2669361809
2752100239
2749531142
2586135997
2610579056
2746591136
2543725559
2923246072
2649233803
2641283298
2875219152
2694101190
2704058874
2569427543
2661661904
2662226694
2751574779
2531179809
2722925246
2746857964
2662387670
2906116064
2688112264
2582038418
2589829522
2751431634
2667078842
2580019659
2519307031
2720359770
2670035071
2916185601
2549021535
2747174683
2922278486
2743347170
2558581812
2916229535
2750103396
2751599107
2779202183
2601363548
2750036607
2748147072
2669281422
2719961729
2601402468
2707622665
2751312635
2912556605
2672513295
2746949265
2543882157
2610441909
2813225037
2581655102
2659301218
2747647371
2751613875
2751355761
2721697333
2719544989
2659420108
2750438345
2601528297
2611895082
2742997001
2588826150
2722595322
2572866888
2747049703
2793854304
2588857519
2581566925
2722571654
2589753012
2813567479
2633789350
2715383119
2647233732
2656019682
2610536398
2922316524
2793907261
2908549998
2861006999
2572653590
2718800117
2580099461
2683691558
2677740329
2748920585
2674234312
2751794102
2678312325
2774923831
2917389681
2916207402
2692964575
2589839537
2875655524
2750709926
2554798178
2749984146
2870231900
2748910587
2572117658
2659708455
2576426006
2529891875
2543801143
2688889092
2541659988
2668982515
2745428146
2751460766
2747136259
2749397217
2749019455
2610874864
2720737019
2749502527
2774741889
2749707964
2601409536
2706441693
2702224696
2720830506
2677289801
2749646083
2687839570
2505112765
2663018066
2875252161
2869467608
2751483798
2673072649
2656090734
2922254003
2592532841
2912031310
2748397866
2714385659
2924886920
2662916759
2898881452
2931339589
2784251638
641857529
2611791415
2917334768
2656487833
2907876430
2601369417
2657694065
2729404232
2749993786
2720002593
2749196647
2667415461
2554803284
2746881936
2707661556
2751922036
2610480977
2687604984
2674308041
2588893171
2925502005
2751403932
2675748792
2650781184
2749168201
2690849146
2702218536
2742906924
2683962453
2712343160
2543666685
2658215591
2871660494
2543643621
2747179335
2722740500
2565774859
2749320468
2877538960
2660434388
2726139078
2688569218
2648685869
2653007926
2697632677
2746234506
2742685798
2669719118
2750247453
2749239524
2748670113
2749808372
2869452108
2733876378
2748579705
2533326223
2637443840
2750319804
2673185975
2813557140
2715822974
2719341785
2749717475
2749965075
2610745075
2751550492
2660330302
2559817020
2654849941
2749875006
2888698692
2645838390
2746523971
2726352662
2750128003
2726153409
2696499310
2744425527
2699327880
2722580665
2751445723
2590337071
2674670673
2746939126
2813204270
2650068593
2748493344
2543838510
2589756536
2563124755
2786687543
2682997680
2749660324
2652280414
2601325637
2662492907
2750147097
2575268005
2601658697
2722576162
2555964297
2649086089
2659373697
2660262181
2601176128
2750576073
2648517170
2750166457
2637079869
2652882045
2601291405
2922294791
2749177646
2722947832
2670736378
2569816669
2720716719
2746959018
2564746546
2577638032
2543691257
2744760918
2547216967
2668953873
2877561598
2543668588
2662535989
2747356208
2733891683
2678268032
2748881465
2559944980
2907835768
2693601239
2750309824
643363761
2720364275
2851461825
2906121482
2583812423
2749779651
2666794058
2907916000
2700105166
2875632530
2726475165
2750599918
2697709241
2696044044
2746862652
2922308484
2669153355
2659423544
638787606
2567032626
2813562973
2588917885
2747709830
2588866361
2743344353
2749468934
2619607061
2569314685
2726172067
2674300540
2601397623
2659216094
2535168658
2879990788
2724751528
2721140543
2685237478
2723372365
2747241603
2697796844
2661043563
2620638202
2664549635
2779246660
2903351876
2697701910
2905106442
2618893835
2715779598
2750481145
2726372372
2692393969
2670251835
2699077030
2748736181
2660737190
2813574625
2750937884
2675548806
2750118092
2749760726
2659563822
2750371760
2703393961
2691412225
2719514016
2663482210
2661788650
2722669176
2938132670
2532580085
2938184214
2966049573
2966004416
2965646325
2966020618
2965619545
2965691307
2958321974
2958354392
2958330045
2958332128
2958338630
2962164917
2962581458
2962611283
2962138228
2969438995
2969464384
2751394354
2683957565
2554840683
2969414376
2969420158
2748319480
2751248491
2664849278
2639311981
2969075032
2969448776
2748900842
2565312391
2720117447
2659979401
2554874237
2750883496
2926048147
2672295290
2751560331
2610327510
2747309134
2563728329
2750233079
2748655874
2707756266
2661970563
2750997710
2813004025
2751507523
2669122729
2658997100
2751526621
2723197340
2640889360
2860613255
2715846806
2666677832
2675105939
2825533456
2657566445
2703252134
2724159470
2749149272
2688538928
2825473279
2658831930
2720949015
2749206251
2575754770
2669423495
2694121395
2751773789
2610486647
2675602315
2686709625
2749449946
2749712824
2674905158
2570602220
2670431680
2541654444
2669272475
2598546778
2540287378
2610820409
2641210783
2916622818
2589874481
2588882380
2750343233
2749755848
2746538634
2925478877
2718946863
2577246092
2519290547
2597979611
2612325195
2588847352
2547835844
2655852670
2559892594
2730917887
2907865432
2555948718
2621264050
2748551439
2751198083
2747083971
2851449319
2601721724
2692632559
2726508861
2693572965
2658190557
2755124089
2900975046
2672489029
2669885267
2692223968
2909193632
2898864175
2726318098
638781119
2748214091
2692401302
2719107451
2748384057
2550930598
2746519379
2751833413
2749315823
2750691244
2747541935
2906206919
2727061346
2871656104
2674048248
2655867276
2750868523
2707651568
2733861873
2562365561
2749230021
2751188093
2602494299
2555681652
2534332811
2861015758
2735015191
2903332664
646989490
2610430977
2655950428
2646335754
2630779557
2750490647
2812861584
2611732298
2718743544
2752066462
2692628804
2570351893
2749693645
2906170789
2676408313
2714976319
2896817635
2573157190
2726613652
2583664557
2807474003
2747728749
2793891052
2611655425
2726313300
2748603803
2742792210
2906165962
2696134546
2869473336
2569469733
2578168964
2925471722
2642220718
2859273775
2749598058
2874302649
2719292033
2529797452
2916630329
2577063427
2543156024
2629285654
2674985100
2538629621
2929368672
2664924132
2539119724
2749392546
2721052088
2721674852
2642031339
2698640439
2721340565
2720338974
2793875043
2638250080
2682491466
2550759181
2721070113
2543136460
2742862235
2665598238
2707501803
2896779696
2520403666
2748421552
2670972041
2751743401
2658321262
2569491034
2657741960
2610566199
2540420060
2861037593
2673285493
2869425366
2714971308
2674835269
2545430277
2813332354
2907860082
2758403851
2748935414
2723901685
2655675013
2747188914
2659129523
2543634580
2688342768
2538623693
2592528506
2871640658
2924960186
2570624821
2610800582
2750357496
2580689370
646542873
2878872506
2877569768
2592521552
2750514410
2664511252
2726081511
2703371474
2661393439
2748632202
2860574201
2672296806
649676347
2663284893
2751223567
2520424933
2631590109
2656489708
2860403814
2928856665
2672601780
2747780247
2701772321
2569210479
2569740725
2660691233
2747260826
2677865022
2746502384
2747169939
2675284113
2559952611
2688127286
2543789765
646245513
2543763217
2588551318
2520410224
2610858108
2678096066
2665873097
2751498097
2749879668
2751593989
2674281964
2673970474
2656042924
2751999001
2715828216
2730327553
2813060206
2715727033
2696327629
2720534069
2550849246
2660680028
2751512284
2647843881
2662643893
2733902053
2926722045
2726303735
2719711670
2875223283
2742896386
2722754008
2692547372
2720885618
2695945014
2700016761
2569870406
2646961121
2635510059
2751848251
2912067498
2648642760
2748979551
2663053123
2652944130
2778927814
2774906370
2748861856
2601322569
2724785096
2747332492
2650953339
2812813261
2753966252
2666362427
2610598228
2684078892
2669292172
2649004030
2669569068
2703412698
2707792798
2571357138
2664566113
2793879974
2669267104
2649319959
2750633478
2682823190
2747719250
2659638508
2664912983
2661351355
2748537072
643360371
2726103080
2726284379
2712524278
2747265590
2724132523
2751887774
2663962111
2675072744
2610637695
642785484
2779213857
2747375151
2638021711
2748891205
2748257841
2726606423
2687612871
2570349807
2871678165
2661423847
2722980898
2570855707
2589767614
2597995804
2663115069
2657835717
2748277244
2876505747
2848628021
2668654868
2748915680
2601195041
2742974775
2669633688
2696029552
2610583606
2925466017
2629925001
2670578323
2647444033
2749898911
2588809087
2749540776
2749272739
2692340453
2925521472
2660541945
2683089458
2697960545
2747739076
2666319733
2658164718
2751713734
2669906237
2656038361
2751317438
2660390778
2748627406
2730072149
2588801349
2703345902
2590658234
2565310187
2588854496
2720538742
2686582651
2689107973
2571669449
2749263324
2750088780
2872444511
2720405371
2923274393
2720926343
2747743662
2750031763
2707547738
2533382955
2543609659
2663918201
2748156585
2589205128
2733826321
2559893907
2847585668
2655847871
2573769781
2589786488
2726289295
2543588823
2750324123
640914745
2603854008
2748584410
2909243544
2750261920
2720944367
2749922325
2748708554
2925461022
2916262838
2601388655
2860611208
2601619944
2569454330
2666405480
2610627984
2646990323
2536107677
2694200584
2880356782
2572081575
2602638212
2751003137
2903322195
2748906492
2825491483
2870245879
2568829121
2733837548
2549318513
2916201910
2859275057
2900986074
2692858229
2559846214
2649310726
2749817888
2539015036
2699914480
2723634080
2687743952
2750132837
2697546353
2784127767
2722653363
2750973359
2924972322
2751489000
2750185602
2696588836
2641339880
2663451568
2559978114
2683056356
2684905079
2707627588
2573764314
2691981200
2751337208
2742940286
2703222914
2869478719
2742962206
2692314063
2641717136
2669586167
2641279251
2860590819
2750065090
2646088535
2554669633
2520820225
2746576707
2747442016
2704016631
2758377294
2922838502
2697450927
2670264638
2749430685
2750623925
2511714525
2574944692
2635888097
2750733795
2743521878
2694486592
2664724090
2649949192
2924904082
2642245447
2751474177
2659031264
2601648349
2589191042
2601138060
2751218198
2642071733
2610869720
2747298894
2752071372
2543660126
2563096602
2750055502
2916636984
2669028019
2630472478
2673199346
2745226126
2749789175
2723821896
2916223662
2747801504
2749698541
2550974166
2738615823
2701784750
2747623619
2747346775
2906172441
2724076135
2669581533
2656072727
2543837907
2748940425
2749626946
2880347011
2641268091
2650126395
2726116947
2860995324
2722934257
2664626244
2692576609
2749139634
2647478687
2747806399
2749220657
2572458788
2749588660
2749884544
2750786370
2555210157
2640800454
2909238722
2650804608
2687659540
2631495891
2861025424
2729426401
2747284618
2878886120
2707364960
2697896482
2860602281
2694307576
2664525473
2693871571
2684697087
2938749593
2938168768
2939553725
2938793368
2962108444
2962136343
2962175127
2962596284
2962121597
2962153850
2969052456
2747594785
2610633112
2661114663
2657546960
2742875898
2744594799
2969091168
2702229417
2903315392
2610434920
2687753471
2751946838
2750824384
2969069057
2702234860
2720891578
2720754803
2692029892
2749741623
2686719134
2748166105
2747040004
2871653614
2601731386
2747088718
2650853737
2750942921
2750218719
2666694163
2751257825
2573417620
2750194971
2749969730
2722929753
2703296782
2577441369
2707358247
2748995011
2880037624
2651769325
2750667041
2552262253
2630857269
2748955894
2631652955
2610763346
2749191887
2891966822
2698868991
2749936560
2912565427
2610936595
2719308911
2543623663
2748522246
2747475355
2619273270
2641777643
2694352114
2533336421
2750561897
2906110477
2694461452
2723217752
2673010326
2555957407
2747619134
2922222336
2552941659
2749726994
2632488645
2683522056
2852368717
2601255787
2747767624
2749330061
2672989299
2749684227
2653088566
2851456930
2661336684
2699009909
2743007258
2543145540
2650152736
2751723606
2825486574
2721381174
2660246244
2749912894
642126697
2877555721
2675792591
2750386418
2701992760
2520420559
2927798948
2673626907
2716408849
2697394852
2751279710
2917345010
2876540497
2678926298
2779235585
2751540905
2697182045
2601751555
2721065607
2720285847
2748250402
2655978567
2559628912
2746924720
2565097001
2520264670
2668471737
2651747086
2592501626
2906179619
2916257370
2925486182
2915816687
2707581769
2580052670
2697881512
2538082718
2752008458
2533770859
2726322999
2583959913
2531656410
2629238066
2726265450
2917355196
2749382890
2696785349
2720007142
2657539941
2751360812
2662176718
2539007147
2697262574
2520766110
2877915345
2589844450
2723817340
2925827386
2795916386
2650110300
2692677813
2751760079
2603872062
2656083458
2897286303
2719282665
2663766333
2825510509
2804610719
2916247285
2650076072
2792753500
2581089774
2610847013
2570194819
2696803902
2748843404
2870456284
2673267667
2907818957
2673116418
2748344846
2687164138
2748999357
2748745664
2598866648
2726093442
2849029685
2748871383
2678326486
2749478506
2601726846
2637206888
2747656903
2601248920
2749950944
2871673863
2922862257
2721190002
2647874928
2637566117
2905123585
2875261274
2686871144
2747762628
2641892153
2723332932
2750300808
2697937496
2580165138
2749865395
2748541978
2543541732
2555842869
2610683560
2543928275
2667374886
2610665735
2645847717
2750547501
2669780924
2543816332
2559907590
2699093458
2589187461
2746557669
2723914462
2670546880
2662096735
2726460468
2666819004
2726137495
2747011374
2909233192
645333103
2660875941
2670481058
2719441309
2629414012
2537029338
2641251339
2559934461
2543742706
2585966313
2630150274
2724754247
2589218947
2747633127
2851016987
2588830895
2726086312
2580144354
2898875116
2633362527
2683179893
2750932958
2514284453
2749483262
2684198273
2874327288
2545392022
2746996978
2748895951
2600625408
2750199593
2671045072
2664694837
2747025610
2750681216
2720350758
2718974880
2563092633
2923265201
2897290057
2660286399
2922845818
2589881359
2691308177
2924892525
2746600722
2924942272
2699695662
2724022186
2715806490
2715733030
2562357241
2718954134
2668769286
2661657625
2875635152
2660395143
2663931912
2726343552
2913110843
2658065107
2651591254
2645806224
2580110233
2582349305
2916241956
2555255134
2751955581
2675058348
2726270038
2678035797
2901681310
2747270313
2749368376
2747518068
2746552975
2714310399
637601088
2703996188
2850578389
2543689661
2610445460
2696385441
2746386366
2747614103
2879996420
2669391992
2751703731
2750510676
2620695708
2749749554
2601696698
2746605478
2569169240
2667102422
2726107107
2543812084
2725859371
2877550868
2669666582
2922833835
2601180146
2555194449
2749267971
2747337155
2650903032
2646253044
2665521480
2733857410
2699167318
2545455889
2620586962
2703351691
2531243062
2665623594
2538620137
2589813188
2870451167
2611850757
2696718800
2714007918
2610420020
2536627285
2633341825
2536108593
2543753690
2749014366
2750628697
2752022694
2750671779
2665935295
2691799516
2543595902
2718638601
2611118159
2750462022
2748812943
2611651720
2747599526
2697982696
2683311942
2541673341
2696083967
2922228242
2748693787
2559920550
2719550929
2861020467
2543629833
641321486
2654923756
2859251886
2683695881
2897325073
2720355263
2602446526
2886095440
2913103131
2631603255
2657868681
2905146666
2691947568
2917370674
2723546613
2670300694
2647024503
2610534120
2675352228
2618887877
2588885921
2535768747
2640461907
2554794826
2746207283
2656087397
2726539127
2916234954
2749889732
2674888444
2661276357
2664853920
2662125968
2746229041
2851427214
2592490729
2665366771
2751970128
2538602830
2563128298
2719337283
2687976649
2641972482
2872660236
2750204739
2693453877
2601438819
2637807996
2583827189
2656015263
2601450504
2662112558
2719246447
2923262609
2721686081
2748378778
2714855308
2668748244
2629090278
2657410616
2774792823
2750228173
2721213975
2633668686
2673552809
2661293917
2693828799
2569745389
2601429886
2726332652
2520354909
2746533835
2925848713
2520763509
2748989643
642770821
2748969782
2543830243
2897320250
2907871225
2678651594
2747207932
2610320251
2610769570
2667022054
2703375620
2576185930
2747035237
2668444722
2606146927
2633372487
2834017911
2602018585
2749679383
2567208005
2691687540
2722834310
2719453136
2611697812
2748286954
2574765535
2718601780
2541723914
642135425
2543857874
2610732657
2659548911
2707689779
2690889177
2514558523
2543672838
2746968149
2749072825
637217317
2601186676
2639410868
2649578024
2670826611
2693849020
2666986505
2662756609
2749225381
2749688997
645287217
2583778147
2521375930
2880341851
2719432296
2778915008
2752003637
2714395622
2675462880
2715783369
2748464853
2880001444
2749574188
2703236368
2640685688
2580479528
2618902647
2655067221
2746891510
2692781011
2722657869
2529897609
2751902777
2672275966
2874311128
2751493487
2647362400
2903359129
2655314649
2742662925
2751931859
2749464093
2880352692
2750161719
2748751112
2659255510
2670727054
2664739784
2726297811
2696245204
2673293090
2747456250
2749636725
2662805626
2659928056
2907854202
2573695304
2747045082
2665687145
2677994944
2601147872
2874335587
2569952324
2906143716
2546761487
2707641894
2715788435
2748574924
2785618936
2843274762
2655860031
2690867909
2655838725
2750074481
2559885959
2721226708
2631358776
2540707754
2749349227
2697241765
2923279642
2938149731
2747671166
2719208919
2938211504
2965689189
2966039619
2966073158
2938795947
2965640866
2966015544
2966030974
2966035011
2966067627
2962170880
2962189375
2962759025
2962544600
2667392176
2969045601
2969444064
2715486315
2535473181
2543923553
2685249521
2749111045
2545467510
2969030216
2969468940
2901739096
2661201235
2603843959
2969453891
2659697470
2908545698
2782352635
2750151957
2633466254
2726198322
2751536124
2661722357
2571712794
2601211338
2660611094
2703968090
2775347687
2629928101
2747001706
2874330016
2748780038
2703282067
2540544273
2720881114
2664832197
2825502577
2672035559
2723481654
2610808127
2610777933
2601157971
2674021106
2646744289
2570508262
2610545489
2683732269
2748142320
2909224107
2674516052
2601740618
2610881066
2657809390
2674255508
2610492471
2751936645
2670510491
2748974777
2877910224
2707157306
2671963004
2715377333
2647693114
2852250744
2751379246
2660924858
2610842478
2637731486
2749034440
2665566750
2793864023
2712655198
2520359698
2666414247
2748660579
2747642520
2664877159
2655319130
2749311076
2601381147
2721551236
2661458859
2655343044
2747714824
2667280492
2751748610
2722819834
2655954936
2751384091
2748498141
2674218378
2723918242
2875238842
2600616342
2659234092
2751838271
2749401960
2750395543
2588871623
2669451025
2750409811
2724127013
2583750158
2925822473
2611228677
2655843239
2749631757
2601156581
2666688620
2645908741
2722567147
2647028636
2749569349
2723438641
2633154503
2869883808
2777019828
2683981800
2726148225
2750962858
2917325698
2588929584
2925868824
2901733304
2742870430
2701723170
2520750007
2645914708
2751322395
2751799206
2751994050
2580243368
2519701661
2588526041
2922238582
2747107838
2719314064
2749416211
2715762582
2750223548
2872436027
2683715560
2670226156
2758387489
2720453716
2750922952
2683720037
2592513956
2719836088
2669850813
2665733866
2693788376
2694041482
2751917273
2664713082
2559902161
2665636759
2691133328
2618878793
2658968912
2601295450
2588925044
2750447839
2669032641
2582432737
2733842414
2719831583
2726283063
2655970660
2670373498
2574994434
2886118258
2875640298
2750968316
2750495313
2699117056
2665407494
2661409153
2749334812
2589764417
2922873894
2748726837
2545461530
2665344905
2722914144
2743353407
2750917981
2576140902
2610954479
2748651174
2751989366
2559851202
2589853975
2749998425
2601191456
2636971560
2662222669
2748641725
2656056559
2847553108
2690917747
2749917641
2641843156
2751858230
2603876889
2750700769
2696537557
2723895957
2742672449
2601204639
2748219162
2536293647
2658955609
2749306239
2661675717
2583832125
2750433599
2675260336
2559142041
2697203351
2701743005
2633517269
2912042368
2900952221
2664807028
2695995121
2721222145
2749009358
2922319142
2703225300
2550099588
2878889219
2750156713
2749612718
2719346290
2646631309
2744299262
2638263332
2601404236
2637156552
2638146141
2751828628
2569336591
2674622701
2916191852
2541716323
2575901844
2901751393
2589475711
2747256487
2778971761
2577760975
2610942309
2684898061
2749979386
2554879605
2641142305
2751658802
643729775
2750190324
2733851116
2539003845
2672825127
2875660247
2697130412
2659437152
2751297953
2559821195
2749545508
2666964821
643370422
2742857406
2720126524
2747666626
2669453285
2601152849
2683707802
2559956514
2664629077
2747126733
2706436377
2677422702
2748354548
2871680621
2742632448
2545410484
2924967676
2749459607
2572375082
2693587256
2642341409
2870461633
2751648711
2693973000
2925858984
2675725727
2641322810
2666039199
2900967293
2696832919
2571155172
2518845614
2720409877
2775224477
2664504285
2610759630
2601141605
2748469598
2880027117
2745937135
2913091381
2552935187
2699446491
2667323786
2648606189
2719691136
2665649892
2749674614
2924936139
2748731487
2702210191
2601346679
2748171011
2621201973
2662298869
2747146156
2689374588
2750844241
2589738788
2689283988
2697720121
642737582
2678166626
2674965952
2683083787
2601464547
2618983272
2682827796
2750878515
2747279891
2913094181
2917365651
2703242359
2715866495
2747093491
2657645580
2925862906
2550765510
2748407155
2750533396
2849039610
2916218254
2723328427
2751426858
2555751312
2696466929
2748436172
2589195919
2572549631
2859267577
2861010947
2720343481
2751436551
2550926039
2748233535
2675887369
2655508260
2659804539
2697858794
2715834368
2559923386
2906157901
2684895356
2751768795
2658060612
2685345681
2810861317
2665186051
2683977073
2748847112
2747680786
2922869094
2779239697
2751804308
2751284147
2878896514
2690733927
2572590884
2750758204
2747432429
2683103469
2692240985
2750276199
2678470800
2715810772
2847579524
2693049819
2682856053
2687990477
2533294949
2675405378
2719276101
2573983036
2541638676
2670731314
2657611748
2719916399
2678274799
2598588496
2611110712
2650010850
2747509016
2563113276
2730076654
2726411365
2658915499
2674920459
2750652588
2657466474
2610945832
2716399393
2907812753
2683314640
2748769631
2659822826
2726210789
646908759
2912081946
2694108195
2750619043
2751814064
2779223671
2588545744
2747753000
2586374496
647940109
2636503170
2749325878
2747150747
2664621541
2675502202
2747074329
2750863750
2751623754
2748243280
2722943325
2683067218
2748180920
2909219002
2924948353
2748224446
2747064639
2641492561
2673120223
2751469409
2675608164
2651608921
2874290196
2746186208
2779221373
2791499509
2719264769
2559982260
2747059789
2721691906
2878873714
2718983890
2520759190
2715800732
2909185402
2707570319
2877546894
2924898220
2543716409
2602935098
2745219064
2660756629
2655910700
2665151499
2748565873
2588903598
2602199927
2751464515
2603666076
2667109827
2519719317
2851438276
2750719471
2667146198
2749526392
2825496650
2682818194
2589823676
2638362600
2641048291
2639442132
2577729996
2748441048
2749301492
2610412331
2657702749
2752090485
2746963390
2747422848
2692820162
2752061474
2703334416
2852489122
2678233065
2747461001
2750853885
2718621610
2758389701
2747327650
2748455396
2692944244
2752042134
2719330171
2550980796
2633402015
2747757866
2576907954
2672570666
2746243226
2599409944
2610655425
2664769831
2750400203
2751979736
2748740999
2559841715
2697969862
2860619124
2648160191
2699018699
2667207954
2748238288
2748460065
2749607733
2650088464
2560002006
2665099589
2541698158
2640710108
2632366290
2851443992
2791492909
2532922609
2698586522
2746543477
2662729226
2566184515
2543711110
2652563510
2750500051
2641653122
2529904855
2747351360
2579941691
2690884096
2610512651
2697747514
2746548134
2749096873
2707747914
2748837394
2747791914
2749358875
646599694
2750538577
2746595973
2707671112
2750405036
2692431326
642742470
2749387771
2674495025
2652950029
2575124447
2748674871
2664802325
2620600417
2742970687
2916212633
2747289479
2573843899
637212776
2877940381
2687748587
2777025624
2749058286
2628299190
2554852578
2938156625
2938144293
2938199933
2938206213
2938755536
2939081279
2939073203
2939108910
2965630410
2966010299
2939118683
2938768404
2967482661
2962606599
2962593533
2969057919
2707657120
2682813198
2748301333
2670933587
2925832997
2601309761
2747303665
2668742768
2629033755
2750180792
2748474261
2752056606
2567037425
2588786245
2632101379
2682744631
2562471644
2924910009
2675585310
2747082170
2690798654
2520822651
2780275548
2888688643
2633306446
2749249025
2641504621
2570735909
2637525138
2601338912
2637100024
2664946262
2659891924
2637571806
2825529485
2718785746
2661801576
2543150425
2751778677
2747637870
2646057019
2747384773
2543572517
2592496411
643236523
2601392637
2543806167
2535477454
2673386619
2751628498
2905078279
2748416900
2701631768
2749813046
2641156620
2575179016
2601373455
2751265026
2656046289
2660510508
2543764275
2701718243
2896812373
2925455610
2726123633
2720290949
2750017502
2908554109
2520314837
2569271586
2747222291
2655819705
2563116590
2597999255
2721043039
2661088595
2601163657
2514291871
2749282553
2602474829
2639584904
2747704750
2543567610
2543583106
2749564634
2663273852
2875649599
2714873214
2751565069
2720835011
2917385671
2541675958
2726406574
2565080334
2559964755
2747389527
2707613125
647149849
2641457100
2645972969
2543916758
2750738486
2601354842
2610725840
2565300619
2563985750
2923269978
2747413313
2748764905
2726308435
2670155134
2652774662
2906190431
2851000047
2852245710
2869436278
641879254
2541694787
2657922545
2751388756
2723157746
2632839291
2751440878
2633221555
2875666934
2618381658
2670114410
2747275069
2630542131
2632084049
2751912586
2751960549
2749927067
2677487753
2749641336
2543707968
2601653182
2751863183
2655873459
2519386223
2655636472
2793871464
2696229717
2656000238
2748636954
2749258500
2610660074
2541624764
2730870667
2733900768
2678188621
2633935720
2559807368
2875276344
2669417853
2664610578
2661615924
2696531483
2870441193
2751208348
2748137477
2907883717
2646430784
2875245678
2747480055
2888695573
2633967826
2748623205
2658004615
2748589135
2610475534
2635836567
2687971926
2652707724
2750982945
2682421940
2672890151
2859263322
2661751746
2672365029
2667017977
2888325215
2750898255
2779210170
2724012170
2653071206
2747006570
2536095368
2636639597
2720930847
2707617915
2635557694
2750952960
2670662373
2673504398
2727160334
2541651185
2660799399
2655966141
2600612213
2668297840
2749583925
2878904677
2721429300
2570962141
2683482883
2721194507
2610753924
2655961620
2925513083
642170003
2696969622
2877932134
2695777483
2750662181
2726377383
2719539733
2897310636
2601523138
2730331889
2572917181
2543904638
2668800685
2665372484
2610385885
2670237248
2631771164
2751292570
2537921103
2672500970
2748412157
2657973490
2743002546
2897305774
2750580926
2704002789
2519296046
2657419880
2748194807
2641127377
2719717451
2878047283
2747251582
2692787663
2550934704
2703301517
2631759339
2610507672
2749187083
2746567247
2703270442
2588564144
2651632887
2583990024
2720551861
2903346469
2720011731
2750257081
2611680929
2677774191
2746472524
2663805723
2880336760
2633245584
2661189814
2748866711
2720522526
2703341617
2726201453
2750004124
2751545796
2726357641
2729407164
2573086235
2674182597
2723213243
2669941727
2908950852
2752085609
2748608457
2729412414
2601461736
2664934764
2650776333
2750585678
2664671753
2520854066
2726220412
2577983346
2742681825
2874321018
2750137532
2718661241
2609964077
2659056177
2589797286
2546411857
2696301195
2662411284
2750471537
2541602750
2633723534
2748665341
2549813562
2742927666
2543680050
2793913153
2752051697
2682919154
640800263
2749120656
637640953
2581575520
2688884003
2752080961
2683526831
2749253761
2724836327
2730263239
2588840829
2707347420
2678253930
2669804590
2695675459
2665205636
2715852267
2601434945
2533388482
2636874566
2751693849
2747451612
2749182339
2724148304
2749234866
2903327082
2537778382
2610924279
2654988618
2749445076
2649725058
2610913570
2721343988
2649063783
2576344591
2703357840
2666758046
2683030235
2668713266
2559858329
2696792625
2601422825
2691400311
2669070519
2678536092
2733822909
2559998287
2610462692
2922216885
2716229929
2656721023
2661523599
2632314998
2582375000
2851929996
2758382628
2750609576
2707514753
2543795867
2748185849
2825524747
2896806031
2723923827
2637967151
2701826798
2745933161
2683967429
2860626923
2543604963
2749087144
2907899823
2675232428
2543919408
2589747852
2696984894
2726213015
2665985963
2751417710
2750893264
2749339597
2692145029
2851042124
2749004443
2699972659
2656009583
2664864005
2665745544
2545439907
2610337826
2746929505
2588806552
2721669192
2672671106
2916614825
2749894134
2876511760
2715862353
2718646234
2723186519
2916252171
2727170580
2571698532
2750642940
2747236437
2751668677
2726114348
2543877867
2896799970
2668650522
2666631825
2674862841
2748209618
2665077505
2692863056
2719436801
2703316146
2611888806
2897315793
2756787367
2590340598
2723319515
2657417405
2691792037
2612153557
2726337611
2872665109
2692519218
2578367518
2663100441
2696560601
2588933109
2877935282
2903330157
2697846510
2601168848
2601701052
2660376567
2611139218
2559633257
2558641338
2669654821
2749125338
2724854618
2673723289
2748788585
2749044647
2707542753
2650970686
2725895262
2588916070
2631614591
2662807169
2697374469
2747140859
2670633403
2908841719
2749473841
2690771327
2743367186
2545472851
2851029712
2538052231
2536632258
2733834046
2748402538
2749421161
2793896325
2652559385
2729262693
2825539535
2582483152
2610780453
2545416711
2730928616
2719225191
2651133620
2903342204
2750084053
2580115001
2658302680
2748282088
2665545618
2667155875
2877922289
2703955242
2672129304
2747585160
2687944376
2670344542
2670874723
2750252323
2535165706
642117197
2695847093
2859727099
2693154008
2750305167
2543701366
2749836933
2662505002
2699713477
2693918731
2664815367
2661819344
2561347807
2720808908
2750457364
642164626
2666557442
2747427586
2746886634
2693147902
2535157769
2533307123
2538067375
2662015624
2730058196
2905135527
2748951082
2871636850
2726395606
2659540256
2897279916
2772287995
2750338382
2554265778
2588908401
2511973921
2658170668
2743337489
2659355485
2860584960
2707370116
2546790017
2720547252
2749373305
2657501067
2570247290
2682832748
2749945963
2572934026
2965674494
2938181126
2938165553
2939088105
2965665642
2966059107
2938806305
2939530625
2938763261
2962601576
2962571191
2962586851
2962549415
