gene	pduL
2969459364
2543923543
2603843969
2969420148
2637185129
2751394363
2906136288
2702234870
2748319489
2637481114
2877904926
2601213289
2749741614
2663174789
2749669876
2908545688
2633466264
2875229803
2601211328
2703968080
2667054764
2749593393
2677448411
2629928091
2751560340
2750424070
2886110994
2747309143
2692099102
2750194980
2565313263
2571715793
2569105300
2682744621
2860613265
2664586363
2750805379
2747082161
2541630343
2697033077
2567037415
2750108386
2665645687
2714380090
2637525148
2659891914
2605149324
2694461442
2694352124
2533336411
2749449937
2793886944
2720881124
2912565437
2642115364
2747733636
2749712815
2752014172
2686936105
2673010336
2570602209
2633845827
2659841847
2748503277
2683522046
2650097605
2749813055
2720334476
2905078289
2752032350
2916622828
2610390784
2704049829
2726146309
2701718253
2748760058
2732824879
2742788522
2749755857
2718946873
2655319140
2666414237
2699009899
2721551246
2667280482
2664877169
2659831841
2520780559
651063910
2907848830
2751384082
2697394842
2655342728
2647696956
2751198074
2520314827
2750290669
2610373913
2723918232
2641007129
2751398487
2639584894
2876540507
2697182035
2750079318
2922800248
2582327197
2747294205
2755124099
2747380107
2559961593
2655215040
2662188746
2722567157
2611786476
2903332674
2564755407
2917385661
2915816697
2747485281
2543129393
2647135183
2543786691
2707581759
2630779567
2663785434
646989480
2750738495
2750328944
2748507995
2580243358
2758387499
2692628814
2683488139
2715768748
2746610239
2669850803
2747437088
2707166847
2569966004
2714981400
2707637168
2750523882
2748603794
2636545652
2559903198
2744054613
2610958789
2674548643
2662292214
2909188680
2750495322
2719259334
2538629699
2718609405
2661776924
2571448943
2685240937
2872670403
2580872794
2726093432
2559807378
2696531473
2543822805
2642031349
2698640429
2646602026
2665344915
2545404741
2664515718
2922873904
2748651165
2675807083
2750917972
2905123595
2749974757
2749770437
2576140911
2559876165
2875245688
2641892164
2875676088
2747408577
2555842879
2554868272
2748263482
2543816322
2675815307
2901706099
2850584412
2813332364
2750547510
2655995738
2716403921
2723901675
2751269894
2683072499
2748151831
2750982936
2724012180
2720817927
2512022402
2538624180
2720595574
2592606936
2649233813
2720930857
2592521562
2543742716
2633362537
2750514401
2703225290
2580019649
2744299252
2688112274
2719346300
2646804887
2748925840
2637159029
2900952231
2519307021
2541716333
2749536039
2747489583
2751431643
2748632193
2612536751
2672601790
2696969612
2916191842
646245503
2750103387
2726178630
2750662190
2601363558
643729785
2675284104
2572917171
2750948114
2751599098
2672825117
2589881349
2691308187
2746600713
2665873107
2543907345
2641379514
2718954144
2660395153
2749039163
2715727023
2707493903
2562435395
2707622656
2733902063
2675058357
2531239092
2659420118
2749063077
2719711680
2704025526
2610445450
2715795304
2714310409
2631759349
2583990034
2925858974
2673364471
2666639110
2655523407
2747614094
2693973010
2620591499
2879996430
2751648720
2610536388
2677774181
2545448161
2841707576
2601736388
2750314615
2569169250
2807336958
2908550008
2683515188
2861007009
2677740319
2775224487
2726107097
2572653580
2665521490
2601460489
2849034632
2748469589
2666149182
2750633469
2751678882
2916207412
2917389691
2699167328
2619197559
2813055393
2589813178
2630547860
2696718810
2750585669
2538618902
2780501083
2689283998
2589767604
2714964886
2663407447
2750137541
2663115059
2619410347
2871678155
2750859342
2570855697
2659056167
2747279882
2543753700
2723181967
2876501343
2601265537
2745428137
2696029562
2520402032
2696301205
2670578313
2559946120
2662411294
2750533387
2750657399
2749898902
2749707973
2751809320
2592602783
2589195909
2647444044
2573459972
2505111649
2683089448
2670186285
2632888540
2922254013
2720343491
2697960555
2749120647
2645878128
2924886930
2601369407
2656487823
2924977686
2610377709
2658060602
2533311942
2565310197
2685345672
2665186061
2588840839
2746529153
2657868691
2907876440
2720538752
2641499118
2581952685
2533388472
2749196638
2715852277
2618887887
2750362182
2720926353
2720405381
2670406388
2559858339
2692240975
2696792615
2649063793
2750031772
2687604994
2576344582
2748156576
2669070509
2655847881
2718617114
2582375008
2872660246
2642086412
2922216895
2716229919
2678274809
2573983026
2658915489
2726139088
2660434378
2712343170
2749960236
2638106908
2666405470
2602383654
2860611198
2745933171
2610523569
2573871335
2610945822
2699972668
2721686091
2536107687
2749339606
2726213005
2665985953
2583926052
2750893255
2554833671
2903322205
2543651723
2673185966
2563122534
2674377701
2636503160
2870245869
2533326233
2726332643
2916201920
2747117677
2747074320
2751202994
2749411539
2549318523
2554860431
2749817879
2610320241
2707768581
2539015026
2590337061
2719436811
2699914490
2747035228
2659883818
2610737534
2813204280
2901745774
2545961427
2747341894
642776379
2559801545
2661470992
2692519208
2660358641
2696560611
2878873704
2578367508
2661386189
2657734218
2536102196
2715800722
2721691916
2727165213
2720414391
2692314073
2922827851
2749125347
2748512823
2750093623
2543716399
2743028076
2743367196
2896831411
2721217643
2701758036
2657702739
2535806639
2659283844
2851029722
2589823666
2793896335
2536632268
2638362590
2699793480
2907907302
2751902786
2640750157
2747122423
2751584400
2870241063
2610962864
2563103054
2903342214
2678233055
2724774544
2642071723
2580483402
2719448643
2748740990
2726397123
2659031274
2703955232
2541682665
2588832658
2601138070
2747757857
2786888495
2750055493
2674300550
2672129294
2535165696
2664739774
2693154018
2747241612
2693918741
2561347797
2747098108
2675091102
2746934324
2550974176
2665099579
2573695313
2791492919
2747623610
2541698148
2750743357
2742936104
2589863237
2692576599
2532922599
2748940434
2650126405
2543711100
2633389857
2843975437
2860995314
2751350844
2747806390
2571224725
2631693825
2519301676
2742970677
2659355475
2905106452
2750405045
2618893825
2726395615
2631495901
2670251845
2650804618
2640800464
2664802335
2540707764
2697241755
2701491988
2872449755
2751407955
2589477843
2750481136
2916212643
2554852568
2659563832
2747289488
2777025634
2860584950
2694307586
2747284627
2532580093
2744598101
2937759984
2938176376
2938184224
2939073213
2939093668
2939118693
2966030964
2938132680
2938140088
2938144303
2965638644
2966039629
2967482653
2958332118
2962561427
2962759015
2965640856
2958343705
2962164927
2962184246
2962544590
2962606589
2958338640
2969030226
2969091178
2969464374
2742875908
2749287235
2749903584
2846278132
2786855154
2634015714
2748900851
2610434910
2774003840
2661201225
2750849139
2747796745
2726198312
2720876617
2601309771
2721074630
2672295300
2574101924
2750233088
2720117457
2610327500
2748330109
2750883487
2924983009
2562471654
2675585300
2610402235
2588786255
2896422622
2573623981
2780275558
2751843184
2662628764
2825476317
2748161453
2655336300
2749206242
2703987008
2552262243
2543150415
2692870565
2748229270
2662473393
2619460021
2550094364
2665171389
2747384782
2723217762
2877910214
2589874471
2559791678
2555957397
2610595529
2917318735
2543119764
2520752353
2598546788
2689948497
2852250754
2601255777
2601311535
2543698447
2749034431
2620643786
2669276637
2610842468
2724769126
2618898424
2746901090
2751233339
2577246082
2825486564
2750414550
2916196543
2750343224
2751927038
2751663703
2749908161
2747465765
2749912903
2712311395
2532884624
2748660588
2749024784
2675792581
2655852680
2563116580
2716408839
2875238852
2563133236
2751365331
2559837231
2870446312
2751540914
2751279701
2611228687
2678890817
2900997190
2751683794
2543569233
2690837433
2612182643
2749822915
2719107461
2752017948
2651747096
2871656114
2750686086
2565080324
2748250411
2746519370
2559628922
2638687569
2581497202
2720285857
2777019838
2747389536
2750801122
2707613116
2925486172
647149839
2688667701
2555681642
2682753653
2577365670
2602494289
2735015178
2589772660
2541644564
2748267721
2925838158
2533766795
2722749513
2611732308
2672013227
2747107829
2726265441
2852245720
2545433594
2602257262
2750810243
2751868132
2722662487
2555675176
2674266601
2541743422
2750571295
2896817625
2631829650
2673620189
2720007152
2875240514
2751388765
2744616229
2776711881
2749841657
2692677803
2662176728
2642220728
2660571562
2793891062
2662987234
2566496021
2749927058
2656083468
2646867281
2747103015
2632927730
2804610708
2570194809
2693796931
2581709689
2900980542
2751555408
2925873995
2673267677
2748199593
2664751176
2748745673
2656000248
2699117046
2658081737
2665134183
2730870677
2721052098
2750242783
2543779694
2632447169
2665561370
2743353417
2541624754
2569930589
2721340555
2559868350
2875261264
2646430795
2751989357
2747537115
2580165128
2665598228
2749865404
2668305649
2543541722
2601415980
2658004625
2657943582
2718794797
2672365039
2748641716
2907860092
2749917650
2707503117
2688342778
2543618839
2546408352
2670481048
2666818994
2747011365
2603876879
2629414022
2750728995
2659290782
2550967047
2641251349
2746562472
2586135987
2682428578
2878889209
2559934451
2875219162
2661661914
2749617245
2660799389
2750952951
2672296815
2559974890
2671045082
2570963038
2748823181
2747633118
2662387680
2720350768
2669877557
2704012667
2569336581
2726163762
2589829512
2849907884
2916185611
2718974890
2677865012
2779202193
2667078852
2923265211
2733851126
2715806480
2660286409
2672500960
2670237258
2749545517
2719961739
2674281953
2668769296
2748886774
2750557060
2715828226
2543534433
2559956524
2751355770
2897305764
2747126742
2581655092
2751512293
2659301228
2687927409
2748646895
2588826160
2746552966
2611895092
2592507168
2751848242
2720551871
2635848110
2703270452
2629340087
2610689175
2601322579
2742930270
2897295275
2610792639
2746386376
2545483924
2869456065
2722803672
2725859381
2751242954
2730063133
2647233742
2716392878
2723213253
2538058307
2683691548
2704005728
2851036001
2748852028
2748608466
2695804113
2707792788
2720135617
2646253034
2699446481
2748920594
2870436278
2665649902
2877534147
2554798188
2747265581
2663962121
2780714228
2750122976
2697087829
2751941292
2748537081
2589839527
2589738778
2678166635
2748257850
2687612881
2696737765
2750604786
2580063226
2683083777
2726401873
2559855454
2925862916
2707632573
2903367341
2666726436
2688889102
2669633678
2750590916
2668811412
2750628688
2549813552
2696466919
2657645590
2774741899
2682827806
2723416092
2720737029
2750462031
2589849898
2750471546
2683526821
2749646074
2688884013
2751483789
2714385669
2559874885
2559920560
2660390788
2748627415
2661514748
2631286943
2590658224
2684895346
2695675469
2922817217
2678253920
2749182348
2678072590
2749263315
2571669439
2749234857
2784124629
2689107983
2610480967
2733822898
2649725068
2751403941
2751922045
2603853998
2755726712
2670799070
2589205138
2908956063
2650781194
2750795851
2687976659
2871660504
2743747526
2669719108
2610395007
2543643611
2751604076
2870226522
2543666695
2742805818
2541638666
2742685808
2749320477
2749507071
2742906934
2538602820
2688569228
2718776774
2750204748
2916262848
2694108185
2707514195
2563109739
2665274275
2719079589
2665765784
2907894774
2670089207
2673552799
2907899813
2692145039
2912081956
2543919398
2657410626
2647162204
2637443958
2747690229
2749004434
2545439897
2610672836
2715862343
2723234149
2543830253
2543565191
2610745065
2903376366
2718970335
2571698522
2649310736
2678651604
2667022063
2666631835
2825462489
2750767686
2726352653
2916252181
2531855608
2687743962
2541599992
2559862633
2674670664
2722580675
2651835756
2742985238
2723319505
2750376453
2550976872
2779221383
2750973368
2662510671
2756787376
2659373687
2574765545
2661901634
2718601790
2707689770
2574077814
2750576082
2715975781
2697846520
2721680664
2602935088
2610732647
2877546884
2749177637
2611139228
2722947842
2641717146
2660756640
2641399864
2749665072
2573135755
2583244104
2547216956
2655910710
2543691267
2747131372
2791511096
2545472841
2714395612
2778914998
2673522648
2909174671
2749130129
2707353666
2577729986
2749430676
2748402547
2675462890
2749421152
2562910540
2559944970
2670264648
2618902637
2851020529
2545416721
2651133630
2758389691
2751493478
2718621620
2692781021
2748282079
2672275976
2746581581
2701752844
2667002330
2694486602
2906145211
2665545608
2539801986
2589191032
2874311118
2588917895
2751931868
2751733517
2852489132
2642245457
2670023587
2748133280
2748689092
2751213974
2543660116
2656072737
2715813241
2701789593
2742662934
2749789184
2749636716
2673293100
2748460074
2749698532
2664815357
2697796834
2747346766
2661043573
2746543468
2721140553
2851444002
2601147862
2589834346
2747370457
2646765631
2698586512
2906126278
2662015614
2683972281
2655324329
2535157759
2748334966
2559646090
2572458778
2785618926
2565091136
2707671121
2612364142
2749220648
2843274752
2559988712
2871636840
2793924071
2875670848
2603838771
2746614981
2746987109
2640916520
2658170678
2747313305
2663482220
2661788640
637212766
2938197182
2751479312
2938181116
2938211514
2938749583
2938763271
2938768414
2938785082
2939108920
2938206203
2749760717
2939573101
2965613783
2965665632
2965674484
2966059117
2962611292
2962596294
2962110431
2535473171
2969045591
2969414366
2969433946
2969448786
2969453901
2707657111
2702229407
2913098388
2707707789
2748363969
2903315402
2751007929
2685249531
2749049034
2750824393
2746896320
2748655883
2747088727
2751633693
2647647040
2670815388
2632101389
2748474270
2689159510
2784246614
2519710988
2748340020
2747001715
2690798664
2520822661
2657566435
2891966812
2718785757
2874330005
2888688653
2610777923
2724159480
2610716136
2638058308
2649050138
2675602305
2541734504
2749191878
2751728775
2723481664
2610763336
2703430198
2674516062
2750561888
2751773780
2631685307
2683732462
2747475364
2619273260
2749731827
2922222326
2750022270
2545481479
2663150860
2671963014
2569091532
2552941669
2650054365
2715377323
2903371703
2610492461
2682842438
2635554351
2852368727
2900950528
2652988871
2648527807
2657935570
2847558900
2851466299
2747532478
2519290557
2529908730
2543764285
2747642529
2746977687
2726123623
2572786575
2749311067
2692188249
2877574930
2722819844
2750017511
2597999245
2723551127
2659234082
2877555731
2692632569
2640635936
2751287823
2693572975
2747704759
2925822463
2850588570
2898864185
2656004704
2726131691
2570648028
2749631766
2748384048
2749454610
2683035735
2751783795
2666918177
2655867286
2645908731
2869883798
2610452777
2746992654
2906179609
2750868514
2601156571
2749230030
2610430967
2906187831
2750466785
2751833422
2748478964
2751531308
2655950438
2577483876
2843972005
2896825738
2726323008
2582199683
2748827576
2727061356
2538082708
2906190441
2719314074
2749158713
2629238076
2715762572
2683720027
2665720482
2670226146
2719997995
2749382899
2750922961
2748721986
2723324438
2670670613
2592513946
2922266934
2750476381
2751360821
2726545261
2666932121
2618878803
2701728091
2611655415
2694041492
2747275060
2877915335
2752037260
2774913847
2916247275
2696803912
2726283072
2598254703
2742918022
2748555828
2916630339
2577063437
2874306303
2578165473
2655970670
2637206878
2750381260
2748999366
2747656912
2875640308
2696229727
2543707958
2641748172
2672192732
642747287
2749392537
2659727133
2849029675
2750772439
2664924121
2664610588
2610954469
2721190012
2748684327
2562613450
2670521387
2699193782
2724758752
2750171347
2747762619
2686871154
2746953888
2847569887
2610683550
2667374876
2636971550
2633967837
2657741950
2697937506
2903309495
2714971317
2662096725
2670135385
2648101400
2538607582
2683061429
2758403841
2746557678
2748935423
2659129533
2653071216
2750700778
2669361799
2674835279
2583832115
2742851363
2695995131
2682846058
2730924867
2748959971
2733879045
2703987829
2898875126
2727160344
2674488659
2749483271
2750932949
2601404226
2874327278
2610753864
2659624220
2588829007
2663284903
2647033783
2687230778
2569740715
2748306309
2750199602
2674622691
2533761691
2589475721
2916229545
2922278476
2922845828
2691169578
2751327075
2559913417
2919110350
2726343543
2748147063
2687278127
2588551308
2559821185
2657973480
2537921113
2673970464
2631771154
2726563494
2813060216
2543882147
2730327563
2611135088
2580110223
2657419871
2748368801
2748431518
2582349315
643370412
2548941028
2696327639
2647843891
2658065097
2748194816
2715857955
2645806234
2748488499
2859254351
2641127387
2719717461
2750438336
2543646185
2703301507
2901681320
2847567609
2924967686
2588564154
2610507662
2633577267
2746472514
2543689671
2747049712
2601221836
2692388852
2750485813
2793854314
2588857530
2747332483
2633245594
2652944140
2664504276
2746586260
2573086225
2552661260
2537925386
2749622766
2718800127
2630544019
2720409887
2555194459
2648606199
2541709684
2703392082
2749378148
2640992221
2620586972
2664934754
2531243052
2718979393
2750238051
2664671743
2750281033
2610420010
643360362
2846263358
2748296664
2662298878
2747030346
2665935285
2674965962
2572117648
2751331842
2568734526
2748910596
2576426016
2747136268
2668654878
2746571951
2703242349
2611118169
2697982686
2722745009
2747093500
2749502518
2750781498
2588809077
2925466027
2861010937
2749540785
2666377384
2682678366
2859267587
2588791473
2572549621
2696083957
2660541955
2900958404
637640942
2922228232
2751713725
2659804549
2917382776
2554849033
2707347430
2669906227
2543758268
2898881462
2913103141
2861020477
2588854486
2751768786
2683695871
2931339599
2723341953
2917370664
2922869084
2726206428
2750088771
2554803294
2602447175
2749993777
2880029837
2749106390
2533294959
2663918211
2588893181
2690733916
2750834238
2707661565
2719723204
2674888454
2559927328
2746207293
2537778392
2641190114
2750276208
2674308031
2670617721
2662380002
2662125958
2733826331
2661523609
2750324132
2683962444
2726289286
2534802024
2657611758
2747509025
2750609567
2719916409
2641972492
2877538950
2648685879
2601450494
2601388645
2588862459
2749087153
2692206532
2749922316
2751673680
2716399383
2749435607
2751417719
2869452098
2581383597
2749808363
2602638202
2601716430
2714991152
2629090268
2633668696
2876511770
2588806542
2559817010
2696510021
2726153399
2645838400
2726114338
2721444252
2693094912
2655078663
2750552331
2722653373
2665105080
2664755616
2668444732
2543885804
2576185940
2699327870
2543877877
2519708433
2647958857
2668650532
2589756546
2749679392
2791499499
2667257362
2715743639
2924972332
2786687533
2748774309
2872665119
2750213973
2749354217
2601658707
2611697802
2750027025
2903330147
2601291395
2750012847
2575267995
2684905069
2588931614
2660262171
2660376577
2641279261
2667422043
2750638171
2558641328
2742940276
2746959027
2905066827
2690889167
2610425390
2657652525
2529914249
2631614602
2720716729
2922294781
2662807159
2752027590
2581070980
2748857019
2749044656
2746576716
2641048302
2750595210
2719556586
2701762662
2583779329
2573104003
2825496640
2521375920
2748441039
2674472712
2747461010
2749779660
2747327659
2602270188
2746113114
2720364285
2749574197
2748455387
2722657879
2751451211
2692944234
2559314557
2807977334
2647362410
2748291836
2880313413
2550980805
2746243235
2751218189
2750400212
2659255520
2726172077
2659216084
2657906258
2877922299
2726297802
2859727089
2751375304
2748238279
2916223672
2564313147
2733886580
2659928046
2747427595
2726171188
2659191478
2748393091
2701784760
2742958054
2695582907
2662729217
2670437011
2620638192
2662504992
2749092027
2610675472
2665687155
2769222706
2697747524
2695918689
2747791905
2656029298
2861000652
2724164838
2538067385
2610622793
2543834004
2620634609
2664549625
2569952314
646599684
2588776013
2748837385
2601296524
2555210167
2559885949
2750786361
2749363630
2641077593
2729426391
2546790007
2748599067
2554265768
2674495035
2707364970
2657501057
2749945972
2693871581
2684697097
2628299180
2938778734
2567042225
2939081289
2939083324
2965624939
2965658861
2966004426
2966010309
2962108454
2958348126
2962121607
2962170890
2962556717
2962566137
2962577273
2965669395
2966020608
2968462816
2969024333
2745120224
2720891568
2611867964
2969057929
2969080554
2969438985
2618384426
2747198409
2682813188
2747594776
2661141287
2749955714
2724153880
2667392166
2751589345
2748166114
2969473723
2751248482
2774003694
2969428730
2715486325
2601643586
2926048137
2661479957
2588782086
2871653604
2571723923
2601277750
2650853747
2859247626
2637223522
2601228488
2742845892
2573417610
2658036801
2688754067
2673044486
2722929763
2589779553
2601338902
2874318726
2641504631
2749969739
2633306456
2749249034
2666677842
2748522255
2646744299
2578225334
2825529475
2570215194
2720826011
2748142311
2610970076
2664946272
2661801566
2724780696
2673795020
2669423485
2694121405
2750987880
2646057029
2610486637
2750912979
2662468354
2601373445
2747570774
2641210773
2669272465
2690745993
2660924848
2632171063
2638607700
2749330052
2581867402
2575179026
2570617580
2655308931
2751272929
2657665471
2903307000
2650152726
2750046001
2747772288
2720290959
2925455620
2665566740
2579882049
2750386427
2751618851
2906203163
2835262784
2748253266
2751748601
2747714815
2714986398
2707666409
2747054787
2603848927
2718764945
2601721734
2658936881
2732493350
2749244332
2658190547
2646830801
2678926308
2719220697
2746944824
2577755926
2691797233
2514291860
2611740049
2663273842
2751565078
2746924729
2747787400
2569719545
2674048258
2588929594
2687625013
2559964765
2637509165
2580052680
2743362603
2666438187
2825481318
2535138874
2633166255
2923269968
2752008449
2751984505
2541694777
2566178693
2588812853
2726160263
2720453726
2751502770
2876537170
2875666924
2696134536
2573586617
2730243301
2632084039
2807473993
2726613642
2656569979
2723157756
2750353114
2648774964
2670114400
2751960558
2751440887
2547168826
2569469723
2665636749
2697262564
2749153957
2750447848
2925471712
2659743876
2750266676
2663766323
2720935364
2897286293
2519386213
2543156014
2749172921
2733842425
2601653172
2520282165
2657446086
2661409163
2687475826
2697801292
2750968325
2750333628
2749793999
2749478515
2539119714
2662617054
2779230468
2545461520
2871673873
2922862267
2748699009
2748517583
2588795357
2746872159
2610566189
2601191446
2748541987
2641362524
2543852910
2658321252
2742862225
2543601350
2589791907
2699093468
2648328341
2652707714
2690917757
2751698534
2719441319
2687971936
2905129550
2742672458
2694402778
2779210180
2655675023
2563589996
2723895967
2536293637
2696537567
2719533863
2749531133
2909233202
2746877012
2701743015
2664511633
2601261892
2641283288
2674560456
2697203341
2589218957
2670159442
2747513371
2610496592
2703361824
2535869857
2748617928
2662226683
2635559421
2724842348
2747699822
2906129223
2693765147
2661393449
2721194517
2922319152
2684198263
2672507325
2664694827
2600612223
2750829252
2925513093
2928856655
2747260817
2569210489
2901751403
2748546165
2825505961
2559952601
2701772331
2778971751
2743347160
2577760985
2897310646
2747470526
2719539743
2547212191
2548883742
2601402458
2663931902
2665372474
2562357231
2724022196
2699695652
2749879677
2751613866
2718790288
2704002799
2721697343
2719544999
2747270304
2677422692
2695945004
2722829757
2657917018
2747251573
2672341099
2748861847
2720011741
637601098
2912067508
2750566618
2903346459
2569549649
2750510667
2620695698
2880336770
2648656135
2601696708
2610598218
2813567489
2668639185
2877550878
2588531651
2747546804
2726357650
2674182607
2601180156
2747160399
2667323776
2726090247
2610759620
2880027127
2751823613
2669569058
2664566103
2664912973
2545455879
2847574913
2581076085
2699473743
2520854075
2726606413
2675072734
2875655534
642785474
2571463083
2750776790
2702215653
2678312335
2715770828
2689374598
2684909580
2629924991
2667384198
2748755884
2577983336
2648989878
2687009007
2870231910
2718661251
2751460757
2751688770
2631290230
2543595912
2849039600
2543801133
2691799526
2546411847
2917365641
2751426849
2589797276
2610874854
2663339724
2752022703
2550768520
2715866485
2663058700
2860989947
2611651710
2747599517
2793913163
2555751322
2750069821
2663018076
2673072639
2875252171
2581575530
2749253770
2541673331
2825515419
2748693778
2810861327
2684809245
2662916749
2886095430
2719550939
2543629823
2664797763
2543777192
2703345912
2655508270
2906157891
2751883085
2748325351
2747680777
2683977064
2601171073
2660920579
2742993381
2697428776
2876529010
2550312905
2691400321
2699996037
2610829723
2535766237
2903327072
2696565546
2647024493
2554794836
2668713256
2520268261
2693049829
2925502015
2661276367
2749889723
2664853910
2751653717
2682856063
2678536082
2573769791
2580532910
2669784967
2847585658
2592490719
2665366761
2543588833
2693453867
2825524737
2896806021
2917339847
2649774478
2746234515
2751638686
2723923837
2569454340
2860626933
2674920469
2719246457
2749832284
2662112548
2714855318
2646976868
2747150756
2571363064
2673947862
2751814073
2747155608
2749325887
2749555130
2750614270
2586374506
2610337816
2637781466
2569745379
2746533844
2675502212
2568829111
2628897735
2698745759
2555821386
2749894125
2685229652
2747236446
2553446043
2651608911
2747207923
2545398084
2871646994
2751469418
2723634090
2834017901
2633372497
2541703523
2543838500
2748209609
2750132828
2611888816
2693514732
2750419227
2562968344
2751488991
2612153547
2703312916
2749827516
2746939135
2582378208
2750185593
2563124765
2696588846
2704075540
2649086099
2747059780
2825520065
2567207995
2691687530
2719264779
2880040525
2748286945
2877935272
2555964307
2688872921
2573764304
2633194960
2747140850
2670633393
2751337199
2670826621
2665126775
2750873503
2669586157
2703222904
2748788576
645287227
2698999320
2749521556
2665151509
2896790869
2669654831
2748565882
2512804448
2573665568
2662756599
2554669643
2668953863
2538052241
2825539525
2666014147
2744760908
2748594091
2747356199
2876519899
2655067231
2747422857
2748881456
2730928606
2719432306
2703306196
2656066898
2750853894
2610694829
2925819812
2748464844
643363771
2750733786
2748877207
2641016416
2896820077
2751753705
637404641
2672570676
2632222001
2925496117
2610710551
2555999542
2699018709
2748751103
2749559882
2748560571
2601397633
2543701376
2672901467
2664769821
2695846473
2880352702
2569309645
2670344552
2750161710
2667207944
2750305158
2724859263
2662805636
2749836924
2673199356
2924957080
2747456259
2602371434
2541667584
2535168648
2879990778
2723372375
2750500060
2666557432
2641653112
2720808918
2898834891
2874335597
2747212688
2664626254
2779246650
2579939085
2905135537
2533307133
2721226718
2707675943
2772287985
2692393959
2878886110
2683076469
2906152341
2723555631
2748736190
2576488555
2631358766
2610899355
2860602291
2723346458
2636931972
2703393971
2582261152
2837473280
2570247280
2678845629
2719208929
2637791017
2938165543
2938199943
2965689179
2966027527
2572929788
2966066487
2962127225
2962145732
2962153860
2969014060
2969067112
2969425688
2969444054
2670933597
2917350198
2744594789
2687753481
2748717346
2659979391
2683478114
2925832987
2969018070
2969047080
2601200892
2570026865
2702240109
2748680045
2655090755
2652848514
2660611104
2665839982
2872674980
2554874227
2723197350
2747039995
2750218728
2661970553
2750997719
2751507532
2813004015
2661027887
2640889370
2751341585
2540544282
2678302711
2810815465
2664473708
2683727377
2721208153
2880037614
2651769337
2714859138
2631652944
2720949025
2750667032
2924922469
2670182035
2747217458
2610545479
2742892655
2673999214
2575754761
2880009299
2698859988
2610881056
2637098849
2747637861
2674255518
2748984634
2601740628
2906209181
2543572507
2543806157
2657809400
2540288053
2610820399
2541654434
2701631758
2695662595
2670431690
2674905148
2672989309
2751265017
2618375885
2687849973
2712655208
2661336694
2749989141
2543145530
2665199274
2520359708
2746538643
2925478867
2651575708
2520364015
2896812383
2742954276
2747322989
2730917897
2655954946
2588847342
2908554119
2610367615
2851449329
2552266492
2748784295
2647883436
2747083980
2747628277
2747222282
2666809046
2749401969
2726347650
2630287339
2569271596
2669885257
2655843249
2667286369
2750366925
2749282544
2748214100
2721065617
2645791772
2637303180
2714873204
2550930588
2723438651
2779235595
2692223958
2747541926
2749569358
2597983906
2861015768
2541675948
2546387370
2720835021
2683981791
2925868814
2543913728
2611705261
2750962867
2641457110
2520264680
2718960708
2701723160
2719911742
2714966805
2533329455
2668471747
2652774652
2715716916
2751799197
2912536613
2780718294
2751516825
2872452103
2793858248
2861031480
2923284037
2543124564
2718743554
2714976328
2610893986
2747413322
2825510499
2665588957
2601134727
2880018286
2545966861
2693788366
2795916396
2663384524
2726313291
2520766119
2601295460
2751818788
2686932101
2719282675
2747728758
2707348379
2698773698
2670373488
2581089764
2719831593
2655873470
2749851122
2749598049
2925853743
2719292043
2673116408
2748636945
2669417843
2746248419
2720307755
2733900758
2748726828
2601726836
2543614146
2697912206
2726367393
2751227973
2694432795
2638250090
2720338984
2793875053
2748175759
2750300817
2751208357
2589853985
2547205358
2748320646
2747480064
2685340674
2907883727
2656056569
2888695563
2751743410
2749998416
2576694268
2665064138
2693978189
2750676548
2550763315
2601663409
2662222679
2750724135
2869425356
2645847727
2589187451
2750791068
2888325225
2641843166
2660875931
2776718017
2747006561
2682421950
2658955599
2812998258
2610579046
2670662362
646542883
2694101200
2697403183
2750357505
2673504408
2726086302
2683482873
2719696596
2550101527
2726182481
2726193508
2720359780
2641690759
2751828637
2877932144
2748895942
2647157746
2695777493
2750927873
2690785444
2688127296
2563092623
2750190315
2730331899
2539003835
2751297962
2633315221
2715733040
2697130422
2664629067
2751498088
2666239360
2751292579
2742857416
2695896938
2661657615
2660680038
2913110833
2926722055
2646165614
2720296141
2747666617
2721056600
2742632458
2662643883
2750888408
2749798731
2747556928
2545410474
2749459598
2692547362
2743332139
2875223293
2850578399
2748354539
2703996178
2720020883
2659788774
2648642770
2642341398
2746920540
2870461623
2748979560
2641322800
2749749563
2750390783
2646030306
2812813251
2774906360
2667102432
2661189804
2753966262
2720522536
2669292162
2793907251
2922833845
2629225343
2778927824
2656019692
2669941717
650490456
2552935197
2774923841
2925507540
2601141615
2733857420
2749425892
2692964585
2703249096
2870451177
2748349774
2611850747
2748731496
2748817938
2742681834
2714862286
2750844232
2597995794
2673135943
2726220402
2520274622
2590331749
2726382288
2654825021
2930922935
2748793451
2601464537
2601195031
2668982525
2810871676
2748407146
2750878506
2913094191
2723328437
2774563322
2632982014
2633723544
2651294622
2610583596
2610355417
2747246706
2682919164
2640530795
2702224686
2677289811
2749803405
2747020772
2697858784
2752080952
2693674269
2648218102
2912031320
2859251896
2726610135
2730072159
2658109977
2606049234
2897325083
2649571044
2751974896
2570410872
2661713818
2720002603
2872444501
2900972004
2541613240
2907830382
2610924269
2675352238
2751693840
2640461917
2677767385
2747743653
2656087407
2720418895
2678723725
2847579534
2748945244
2758382618
2752105106
2589860196
2666622310
2559893897
2690849156
2724138437
2672981449
2730076664
2726411374
2653007916
2663094288
2851930006
2543795877
2925461032
2922806119
2576499342
2656015253
2750050841
2742947621
2696984884
2747360906
2750228182
2721213965
2774792813
2747724004
2880356792
2707608648
2660330292
2733876368
2661293927
2751550501
2749965066
2900986084
2601429896
2657552665
2751370252
2721669202
2559846224
2696499319
2907871235
2666162342
2674862831
2640724887
2723186529
2748243271
2859275067
2543638215
2543114507
2749874997
2673120212
2610559963
2744425517
2750519134
2610555996
2751950901
2727170590
2874290186
2675608155
2747203168
2784127757
2748493335
2726337620
2691792047
2750147106
2601325627
2670012516
2663451558
2667180218
2749660315
2869478729
2601701042
2749225372
2693849010
2669040347
2559978124
2649578034
2747748179
2601186666
2581237868
2541736148
2505092586
2742962216
2543857884
2514558513
2661632817
2924898230
2670736368
2666986495
2520192266
2670457959
2588916060
2749473832
2519719327
2877561588
2543668578
2538084451
2750719462
2650967267
2662535999
2628995195
2697450917
2704016621
2752090494
2746963399
2692820172
2640685698
2723258038
2733891693
2880001454
2694089269
2719225201
2746891519
2662132456
2851461815
2652559375
2909214048
2658302670
2875632540
2610780443
2749301501
2700105156
2730067653
2649949182
2719330181
2580114991
2726475155
2697709251
2718965708
2905060545
2751455175
2750763002
2751853230
2610550496
2668487476
2752071381
2667271103
2749101551
2670874733
2916636994
2749464102
2559841705
2749607742
2648160181
2724751518
2666206747
2699713468
2571555610
2668728552
2673465648
2543579352
2906172451
2750457355
2685237488
2746886643
2533303012
2703943460
2906143726
2880347021
2723208652
2696060259
2750074490
2674883631
2749588651
2697701900
2749139643
2909208796
2666722117
2659377127
2601251890
2598542856
2661797567
2750118101
2664525483
2674640721
2938804680
2938124719
2938125939
2938773903
2938795957
2939088095
2939105832
2939553735
2965619555
2966015534
2966067637
2939530615
2958315516
2958330035
2962571201
2969052466
2969085924
2672949481
2606176643
2683957574
2901739106
2661114653
2664849288
2554840673
2693180031
651550374
2748426722
2703398684
2917360379
2629033765
2669342531
2747303674
2668742778
2752056615
2748808062
2610836793
2720121971
2563728319
2748995002
2577441359
2589870933
2570508252
2721061107
2746982467
2824553171
2630707310
2553121826
2689103236
2611013385
2825473269
2610936585
2637571816
2909203868
2720939868
2692594536
2751778686
2610467742
2723909969
2730258128
2543623673
2686709635
2749497749
2688548798
2658831920
2750271370
2726551982
2673386609
2695607804
2592496401
2747782586
2749727003
2720319171
2925515629
2923243344
2637731496
2656046300
2749134930
2641156630
2750504814
2720302011
2597979621
2545490387
2572462754
2749440431
2559892584
2641833612
2555948728
2880011555
2674847904
2703405402
2701992770
2907865442
2927798938
2673626917
2697477131
2533399940
2748551448
2663906953
2726274808
2674877293
2655819715
2721043049
2647037696
2900975056
2552177862
2657951324
2543892572
2600616352
2712528382
2656022647
2583750148
2535878700
2647028646
2749053451
2692401312
2633154493
2749564643
2750691253
2602474839
2749650824
2565096991
2916257380
2725210973
2655978577
2742554221
2645972979
2721203532
2751188084
2563985760
2534332801
2666504335
2750695607
2747561113
2907821078
2610725830
2580327197
2922238592
2851000057
2746915333
2657539951
2573157180
2673918012
2662233901
2588526031
2752066471
2906170779
2869436288
2562915670
2917355186
2749416220
2583664547
2589844440
2750223539
2676408303
2751917264
2751912577
2723817350
2719836098
2778910102
2610721284
2906165952
2691133318
2659012021
2650076062
2610847003
2582432727
2670232901
2743012730
2633221544
2574994424
2695822513
2751863174
2601220446
2792753510
2793871454
2598866658
2687164148
2559797882
2748871392
2603660793
2750528648
2752095319
2752076226
2579370034
2749602923
2601285680
2751892884
2674985090
2901698528
2652776929
2682491476
2661615914
2750176016
2541584929
2612105354
2746972985
2694080558
2683704993
2698666448
2721070123
2909228186
2656033851
2750957947
2655832694
2671215722
2748623196
2540420070
2651027009
2610665725
2661751736
2520403676
2601615120
2861037603
2859263312
2749516718
2543930645
2672890141
645333094
2649713265
2871640668
2749306248
2537029348
2570624811
2723312104
2923246082
2750433590
2924960176
2733868163
2610800572
2580689360
2580144364
2749077651
2726081501
2878872516
2559142051
2724754237
649676357
2664807038
2750285956
2672424959
2860403806
2721222155
2750156722
2749009367
2749612709
2750753438
2689410876
2638146151
2696988470
2682808379
2748798336
2860574211
2575901854
2750681225
2850994968
2746502394
2554879615
2747169930
2747780238
2589207098
2749979377
2549021545
2601523128
2897290068
2543789755
2678699842
2668800675
2875660257
2912072903
2751593980
2874295659
2610385875
2751422508
2724764305
2530309534
2875635162
2638403051
2751998992
2748373522
2751312626
2750098594
2610441899
2666964811
2922856957
2559832164
2683707812
2720126534
2657900627
2750580917
2747647362
2813225047
2696032138
2706436366
2555255144
2550934714
2742896376
2661782412
2878047273
2662908262
2640737627
2559969608
2722754018
2601705827
2696385451
2747518077
2742996991
2750257090
2669391982
2703341627
2703421011
2751703722
2747527714
2589753002
2633789340
2518845604
2685350660
2729407154
2663834964
2726201463
2913091391
2650953349
2571155162
2555258491
2747337164
2908950862
2922316534
2669267094
2580099471
2745937125
2703330673
2571357128
2632543426
2649319950
2601129263
2922822973
2650776343
2751794093
2747719259
2726284370
2702210181
2924936129
2917375912
2743355906
2689122088
2748171020
2696252009
2749984155
2536627160
2529891885
2638021721
2748891214
2570349797
2714007928
2541590712
2660283338
2647628462
2876505737
2657835727
2745030122
2536108603
2592470430
2541602740
2748703799
2746867411
2744611495
640800253
2661704283
2586019012
2749019446
2692340443
2720830516
2601409526
2869467598
2751436542
2925521482
2706441703
2543721930
2750113231
2784251648
2575955149
2683311952
2656090744
2661627221
2730263249
2665205626
2610705245
2750542785
2751317447
2548947242
2696291242
2701732948
2636848089
2601434955
2718907581
2749082512
2905146676
2875645807
2724148314
2610534110
2751804299
2723546623
2923274403
2746335688
2572590874
2650149963
2909197917
2749445067
2878896504
2533382945
2660495262
2729404242
2667415471
2588885911
2543609649
2693648205
2660529921
2675748802
2675405368
2610913560
2666758036
2601418563
2559998297
2648676449
2749168192
2702218526
2631837861
2632314988
2719337293
2751193001
2611109836
2687990487
2610462682
2650010861
2748584419
640914755
2565774849
2707646862
2543851713
2696522400
2601438809
2534217675
2697632688
2746229050
2637807986
2543604953
2748769640
2583827198
2675232438
2646990333
2907812743
2723889065
2656009594
2748378787
2572081585
2779223661
2751003128
2748579714
2923257779
2538614804
2694200594
2726514550
2683314630
2851042114
2747752991
2539796104
2923262619
2825491473
2646909285
2672671096
2925848703
2664864015
2693828789
2746929514
2712380236
2723618286
2748969773
2588740417
2749717484
2751623763
2728619866
2897320260
2722943335
2606146917
2718646244
2683067208
2545882020
2758400344
2683024197
2654849951
2747499091
2876548693
2749512042
2746186218
2657417395
2725726576
2663955118
2719526152
2722576172
2588877408
2632896680
2610863818
2692010947
2718983900
2637079859
2810194835
2559982270
642135415
637217308
2707542744
2691981190
2707570329
2908841709
2749703210
2721231225
2725895252
2750065081
2697374479
2851828461
2569816659
2636565216
2720144729
2588903588
2922811977
2747695016
2749068010
2639442142
2610074814
2671037566
2682818184
2635888087
2610412321
2581065031
2751521813
2670142785
2511714515
2582483400
2703334406
2749784516
2729262683
2541622405
2529897619
2610655415
2655314659
2750309833
2743521868
2582468778
2750084044
638787616
2746862661
2813562983
2750252314
2667155885
2567032636
2610929982
2563096612
2703264390
2860619134
2670727064
2719204423
2903359119
2747709821
2851432548
2751979727
2751252850
2630472488
2581720830
2747801495
2636627138
2632366301
2661819334
2724076145
2566184525
2618879376
2726116937
2531271846
2694450773
2750993098
2722934267
2749358884
2655860021
2568783313
2529904865
2749096864
2707747904
2520830774
2789790245
2749387762
2726372381
2575124437
2677994954
2748951091
2750338391
2721498077
2749846403
2861025434
2660737200
2750937893
2511973911
2749058277
2620600427
2692431336
2720547262
2722812325
2749144389
2682832738
2687748597
2559641791
651247293
2572934016
2691412235
2749349236
2719229706
2719920957
2697896472
2938149721
2938757779
2939068185
2915834339
2722669186
2965679912
2965697911
2966049583
2961611280
2962155533
2962593543
2962601566
2742880107
2969038777
2969075042
2969409216
2969468950
2969479279
2748301342
2657546970
2659697460
2696282434
2570253346
2610501983
2720754813
2751946829
2747403830
2601731376
2707756256
2610808117
2692029882
2912546693
2778799837
2751257834
2669122740
2707360120
2775347697
2541726101
2750180801
2722681069
2742980934
2924910019
2636667415
2729437384
2651270282
2703282057
2631700781
2825502567
2570735899
2751643737
2748955885
2750443090
2900991593
2703252124
2675105929
2749860659
2688538938
2703318385
2630857279
2674021096
2749149263
2698869001
2749936551
2520367097
2719308921
2641777653
2601392627
2747619143
2906110467
2909224097
2720813422
2748450999
2750715117
2747767615
2749684218
2653088576
2606070500
2751628507
2588882370
2567211224
2851456940
2539243174
2662622760
2632242548
2612325205
2674972818
2751723615
2661458849
2793864013
2601381157
2726362582
2621264060
2563107204
2660246234
2520420549
2632977084
2547835834
2747676322
2747447018
2674218388
2724026763
2666731456
2610648537
2751838262
2672489039
2726508871
2917345000
2601163647
2875649609
2641203711
2663280063
2750395534
2724007469
2880326788
2749315814
2696975809
2751302762
2724127023
638781109
2655981777
2543583116
2580279230
2659942409
2917325708
2877899778
2687981239
2906206909
2748570270
2747685473
2562365551
2663119950
2728374554
2726406583
2663067827
2610334658
2663328501
2723622853
2696789368
2751322386
2646335764
2565300629
2749655567
2583959923
2697882572
2645914718
2511850104
2670155144
2533296332
2750490638
2749693654
2749751028
2570356200
2543545467
641879244
2601233682
2869473326
2665991366
2751708590
2723229645
2901669809
2707696594
2632735489
2751718711
2662283926
2630361784
2650110310
2658968922
2677487743
2749641327
2655636482
2529797462
2603872052
2748843395
2912049150
2747365701
2588925054
2719685889
2907818967
2629285664
2660250155
2546398708
2749765450
2886118268
2874302659
2722938775
2601247481
2665820423
2747575498
2749950935
2665407504
2875276334
2647874938
2870441203
2721674862
2610660064
2637566127
2750815487
2723332942
2669287381
2748137486
2543136450
2670972031
2572445487
2750819660
2722585184
2559811593
2696624490
2664501772
2610475524
2569491024
2559907600
2545430267
2565780569
2655668425
2543634590
2723914472
2632557864
2748204420
2847553098
2669780914
2726460458
2748219171
2747188905
2543594853
2663225893
2750748066
2659966102
2585966303
2543725569
2851016977
2912042378
2536095358
2720140222
2633517279
2569427554
2714866811
2703371484
2707617906
2721429310
2778806470
2719270263
2746857955
2751574788
2545392012
2631590099
2646631298
2649941601
2747174674
2749583916
2655961630
2582038408
2600625418
2520424923
2751907774
2660691243
2665534890
2590327005
2649013716
2641142315
2699876546
2750036598
2669281412
2610858098
2925843341
2703276418
2678096056
2924942262
2665862077
2610942299
2558581802
2924892535
2748803196
2743002556
2520777112
2550849236
2656042934
2571211287
2750705058
2748412148
2671024331
2922248726
2720527041
2519296056
2669453275
2573348567
2750060340
2747112514
2672513285
2651591264
2726328101
2726387291
2601528287
2916241946
2664984727
2726303726
2746905850
2751955590
2720885628
2646961131
2651632877
2726270029
2700016771
2682850506
2635510069
2572375071
2749187092
2746567238
2720016370
2871680611
2578647582
2692787673
2569870396
2543140803
2726185980
2746910510
2749855893
2611680919
2581566915
2749941210
2696832909
2716412892
2559940135
2663805713
2722571664
2666362437
2580373149
2715383109
2692363182
2719287406
2675043657
2746605469
2543812093
2703412708
2674234322
2747016100
2748483731
2751887765
2650903043
2712524288
2749674623
2747165773
2665336622
2752085618
2629326323
2601346689
2779213867
2732829878
2661351345
2726103090
2674669417
2661423837
2747565929
642737572
2749014375
2715721714
2722980908
2663519681
2748277253
2749215843
2922259829
2572883411
2916218264
2719425212
2748665350
2550926029
2666991567
2749723313
2742927656
2687839580
2662941286
2543657131
2747739085
2724836337
2666319743
2559923396
641321496
2631603267
2659440760
2592532831
2752051706
2658164708
2880321777
2530585213
2654923766
2669804580
2611791425
2901721265
2580507241
2657765932
2715834358
2750007995
2747451603
2748847121
2636874576
2749870166
2691947578
2654988628
2746881945
2726539137
2610611947
2916234964
2683030225
2721343998
2601422756
2656721033
2533319354
2747227042
2706471503
2520860618
2666899019
2719276111
2747179344
2538636923
2712650276
2723134623
2598588506
2647004819
2657466464
2722740510
2720944377
2748708545
2589747842
2750247462
2602262708
2750261911
2719702007
2637967141
2601619954
2701826787
2750652579
2690723798
2872655691
2750347981
2668748234
647940099
2588545734
2749239533
2725177046
2665745554
2715822964
646908749
2751412498
2655305602
2703230682
2748964783
2664621551
2751608801
2638100093
2520354899
2733837538
2909218992
2748180929
2601377649
2576048615
2748989634
642770831
2746523980
2750863759
2748224455
2747418088
2641492551
2665077495
2751445714
2697546343
2650068603
2897315783
2658114769
2722834320
2610905721
2721047553
2719453146
2663100451
651164760
2541723904
2922850954
2682997690
2674008789
2662492917
2723337447
641304011
2569561588
2659548901
2520759200
2673809800
2602018575
2730251783
2601168858
2707627579
2648517180
2751738598
2745219074
2749550386
2577638022
2543672828
2726096847
2639410858
2589807226
2631261576
2602199937
2751464524
2752003646
2749526383
2690771317
2880341861
2878910947
2733834036
2907835778
2758377284
2925810520
2703236378
2667109837
2752061483
2747551551
2906121492
2672396976
2543733156
2924904092
2690907743
2633199686
2748527040
2601360437
2749277628
2907915990
2751474186
2715741227
2793919582
2669153365
2696044034
2677402412
2599409934
2633402005
2750599927
2752042125
2922308494
2664783259
2588866371
2707680652
2749468925
2747298903
2665266626
2667122773
641876713
2650088474
2723821906
2750908501
2696245215
2745226136
2560001996
2697675389
2640710118
2656078261
2690884086
2733872596
2647478697
2619607071
2742884458
2612315084
2693147912
2610512641
2652563500
2669581523
2750428744
2746548143
2659540246
2543895728
2696242015
2629717489
2903351886
2746595964
2652950039
2897279906
2588908391
2674578930
2546759752
2715788425
2694054984
2719350804
2897301840
2748674862
2699077020
2675548796
2610456970
2750452607
2923279632
2707369320
2687659550
2747671175
2939113731
2965607959
2965630420
2965646335
2966045604
2962177549
2962189385
2962549425
2958300600
2958354402
2962138238
2958311054
2962581448
2969006628
2969069067
2969096775
2747609103
2610633102
2688573558
2712313713
2576628731
2663160891
2915864749
2747494257
2749111054
2750648319
2620596017
2541688504
2686719144
2721199023
2639311971
2545467500
2750942912
2751536133
2662886927
2666693842
2669342189
2750151966
2782352645
2752046907
2748780029
2658997110
2750977869
2537930384
2661722347
2825533446
2715846816
2601157961
2751526612
2703296772
2720131046
2747652177
2860579505
2682837775
2694345494
2664832187
2570635311
2610606597
2751579562
2661891757
2672035569
2751788982
2748974768
2696463664
2535477464
2748713263
643236533
2748416891
2707157296
2610886200
2748445861
2751379255
2776706650
2661740823
2878881398
2670510501
2903353164
2751936636
2660510498
2632488655
2647693124
2723905266
2550921653
2743022517
2743007248
2721381184
642126687
2583660199
2631477659
2677603384
2726318089
2748190117
2719301550
2569018064
2748498150
2669451035
2925481341
2601751565
2588872596
2695912416
2661088585
2909193642
2750409802
2558739636
2660809776
2694538228
2666688610
2707651577
2589816090
2592501616
2733861883
2726148235
2747522932
2901733314
2742870420
2748764896
2701738164
2751965287
2632555890
2601354832
2812861594
2662526996
2520749997
2751994059
2747193430
2519701671
2688014038
2751763852
2748312271
2655975183
2550756235
2579913705
2726308444
2555952119
2531656420
2696785359
2683715550
2872436037
2877894461
2742901748
2664713072
2851010282
2665733856
2630542121
2657922535
2749406788
2925827396
2660271697
2632839301
2869439535
2719213443
2618381668
2751307635
2880316820
2539007157
2742792220
2678110869
2750903164
2751569994
2638013437
2751760088
2699528131
2748344855
2859273785
2669032631
2678575012
2562905733
2749029363
2749334803
2589764407
2870456294
2896785225
2693802732
2749210947
2904516804
2716223567
2638288666
2698814559
2749258509
2659110001
2633937101
2678326496
2668964263
2684202083
2559637542
2678188631
2675519936
2601334823
2559851212
2929368682
2722914154
2665913294
2719298035
2688448966
2718626129
2748421561
2896779706
2722736003
2742797643
2533314000
2635836577
2661896710
2673285503
2667017987
2618372363
2750295522
2750839737
2670546870
2601204629
2701748025
2748589144
2750898246
2726126454
2751858221
2726137505
2592528496
2746591145
2630150284
2636639607
2704058884
2696777760
2531179799
2752100230
2722673729
2675260346
2661675707
2722925256
2655966151
2877569778
2683179905
2668297850
2697752220
2747399132
2906116054
2878904667
2541647849
2673965797
2656489718
2746996987
2751223558
2514284443
642170013
2748832563
2747025601
2670035081
2749736576
2638263322
2750209509
2664708130
2749297287
2684898071
2543763207
2747256478
2601711412
2519380019
2665800613
2657521805
2726377374
2670872355
2659437162
2751658793
2520410214
2912556595
2748389085
2657961774
2665233914
2746949274
2601152839
2543109037
2694292711
2880331635
2912036846
2720534079
2896427680
2678035787
2691464593
2687666963
2669864026
2693587246
2666039189
2900967283
2662705157
2749368385
2675725717
2722595332
2876527728
2742811775
2747187658
2572866878
2569658231
2684078882
2748866720
2663053113
2750004115
2749267980
2669666572
2751545787
2696408324
2877577935
2724785106
2707161456
2748272498
2729412404
2703288087
2793879964
2658949033
2659638518
2665623584
2649004040
2682823200
2719691146
2703351681
2750709917
2724132533
2610637685
2751238419
2580906888
2621201963
2749292075
2746238468
2611811502
2674202190
2541659978
2747375142
2697720111
2723222331
2922233114
2609964067
2707734395
2659708445
2747146165
2748613254
2848628031
2874321008
2633341835
2618983262
2742974765
2750671788
2726298943
2748915671
2749397226
2723175629
2746261216
2924951199
2730237269
2748812934
2543680060
2748436181
2749272748
2665301043
2670214524
2718638611
2564997232
2748397857
2748233526
2580446003
2559826244
2675887379
2693216653
641857519
2647178823
2656038371
2917334778
2657694055
2720355273
2588801339
2849902489
2703368704
2670300704
2703414731
2572010301
2686582661
2751284156
2779239707
2707547747
2750758195
2751346152
2747432420
2548614998
2678470790
2683103459
2703357830
2589786478
2520831956
2670731304
2715810762
2851427224
2636789798
2584041803
2751970119
2698970563
2658215600
2610627974
2563128308
2909243534
2748185840
2659822816
2726210779
2633208428
2748531855
2715841322
2683967420
2718769458
2691714305
2750619052
2743035133
2610812976
2662600762
2748670104
2567219352
2662912023
2813557130
2750319795
2916614815
2683112623
2748906483
2520763499
2751668686
2670046942
2719341795
2692858219
2851028192
2751897796
2611700682
2577142010
2750642949
2924948363
2793901645
2749931760
2610769560
2703375630
2747661734
2888698702
2692863066
2581502067
2896799980
2747064630
2687681601
2590340588
2714375190
2750142197
2750128012
2704027921
2750166448
2683056346
2652280424
2641339870
2751873110
2601176118
2746968158
2749072834
2652499133
2652882055
2546795731
2703323680
2909185392
2559633267
2555639863
2724854608
2564746536
2610853679
2645991577
2860590829
2673723299
2646088545
2749688988
2851438286
2725713454
2638667271
2747442025
2849913083
2667146188
2520820215
2670741647
2603666066
2678268042
2922302266
2693601249
2749488238
2583812433
2720556418
2750623916
2715783379
2922838492
2574944682
2774944794
2666794048
2648257947
2664724101
2601304184
2659423534
2747585151
2670294567
2825466366
2576907944
2703384884
2601648359
2660615135
2545451344
2667306923
2610869710
2637352231
2733894786
642117187
2748359293
2669028029
2747394285
2687944386
2618536974
2697969852
2743344343
2905054883
2703290119
2877924430
2690775428
2907854212
2747045091
2666737892
2747590016
2641268081
642164636
2738615833
2749626937
2730058206
2747351369
2690867899
2909238712
2747318264
2543684324
2750538568
642742460
2655838735
2742667773
2749884535
2707641885
2748574933
2715779608
2720423399
2632179399
2743337479
2655667042
2813574635
2749344431
2747504295
2749373314
2877940371
2748930696
2750371751
2573843909
2719514026
2646123091
2648706053
2938156615
2938168758
2938755526
2938806295
2851004043
2939549926
2939098511
2965654026
2965691297
2966035001
2966054330
2966073168
2962136333
2693816269
2938793358
2958296738
2962175137
2962586841
2958321964
