gene	pduE
2969018065
2969052471
2969444049
2969479284
2657546976
2742875913
2774003845
2969030231
2969075047
2748301347
2682813183
2610633097
2683957579
2659697455
2712313708
2915864754
2749111059
2749593388
2872674985
2775347702
2886110989
2720121976
2658997115
2871653599
2748330114
2747303679
2752056620
2784246609
2751257839
2573417605
2688754072
2752046902
2750977874
2750805384
2641504636
2690798669
2694345489
2662628759
2749191873
2749149258
2570635306
2750667027
2924922474
2742892650
2520367092
2825476312
2610606592
2748161448
2694121410
2570602204
2880009294
2673795015
2694352129
2631685302
2749449932
2655336295
2748984629
2670431695
2726551987
2669423480
2750912974
2748503282
2748416886
2749134925
2543119759
2925515624
2751628512
2632171068
2598546793
2581867407
2916196548
2743007243
2746977692
2572462749
2663906958
2877574935
2655954951
2674847899
2907865447
2674218393
2723551132
2674877298
2601751570
2747628283
2520314822
2666731451
2631477654
2563133241
2697394837
2610373908
2655981782
2751287828
2746944829
2909193647
2659942414
2917325713
2569719550
2748384043
2750868509
2901733319
2721203537
2747685478
2742554226
2637509170
2701723155
2663119955
2610452772
2915816702
2555681637
2851000062
2538082703
2511850109
2555675171
2583959928
2550756240
2573586622
2746915328
2726265436
2673620184
2906170773
2588812848
2665588952
2715768753
2665991371
2751521250
2673918017
2749382904
2751502775
2876537165
2562915675
2751912572
2648774969
2723324433
2793891067
2662987229
2603872047
2686932106
2750523877
2925471707
2925873990
2912049145
2669032626
2543156009
2655636487
2629285669
2909188685
2722938780
2520282171
2870456299
2664751171
2751569999
2529797467
2907818972
2636545647
2699117041
2716223562
2580872789
2874302664
2697801287
2750968330
2748636940
2541624749
2647874943
2721190017
2601285675
2539119709
2752095314
2922873909
2698640424
2721052103
2720338989
2721070128
2698666443
2721340550
2750917967
2686871159
2580165123
2747480069
2671215727
2697937511
2576694263
2749998411
2633967843
2658321247
2662222684
2569491019
2722585189
2655995743
2533313995
2748204415
2565780564
2750547515
2543634595
2688342783
2683072494
2750982931
2776718022
2720817932
2750700783
2635559426
2750748071
2536095353
2550967052
2630150290
2664511638
2721429315
2749531128
2924960171
2748959976
2610800567
2670662357
2661675702
2707617901
2693765152
2661393454
2580144369
2672424954
2726086297
2663284908
2637159024
2747399127
2874327273
2656489723
2906116049
2878904662
2569210494
2667078857
646245498
2563092618
2684898076
2726178625
2678699847
2749545522
2849907879
2778971746
2750190310
2601711407
2543789750
2559913422
2543109032
2748803191
2724022201
2657961779
2715828231
2666239355
2751292584
2562357226
2912556590
2665233909
2559832169
2749039168
2751613861
2721697348
2875223298
2658065092
2751512298
2726387296
2726270024
2692547357
2706436361
2611130668
2742996986
2669864031
2704025521
2924967691
2592507163
2569870391
2747614089
2742811770
2746472509
2696832904
2775224492
2664504271
2696408329
2723213258
2880027132
2720135622
2648606204
2693973015
2751242959
2716392883
2573086220
2861007014
2747160404
2747337169
2683691543
2747016095
2849034627
642785469
2751678877
2650776348
2661351340
2748171025
2779213872
2748731501
2748537086
2577983331
2726220397
2846263363
2696737760
2589767599
2922233119
2590331744
2870231915
2718661256
2668654883
2682827811
2663519676
2876505732
2707632568
2707734390
2633341840
2810871671
2666726431
2749014380
2696029567
2774563327
2638018721
2543595917
2611118174
2663339719
2849039595
2750671793
2550768341
2573459967
2592602788
2572549616
2564997227
2683089443
2688884018
2682678361
2751436537
2530585218
2669804575
2751768781
2901721270
2897325088
2590658219
2703414736
2631603272
2656487818
2683977059
2907876445
2601171068
2917370659
2742993376
2720538757
2724148319
2581952680
2751346157
2876529005
2650149968
2909197922
2878896499
2649725073
2610924264
2554794841
2750834233
2588893185
2668713251
2588885906
2751653722
2610829718
2925502020
2675748807
2742906939
2650010866
2719276116
2871660510
2751604071
2543588838
2716229914
2641972497
2723134629
2672981454
2573983021
2730076669
2718776779
2719702012
2925461037
2719246462
2559896178
2660434373
2917339842
2601388640
2534217680
2646990338
2742947626
2723889070
2572081590
2750247467
2749832279
2637967136
2683967415
2701826782
2749435612
2747360911
2694108180
2601716425
2673947867
2912081961
2657410631
2751412503
2673552794
2629090263
2880356797
2749239538
2748670099
2683314625
2539796099
2646909290
2712380241
2673185961
2751550506
2588740422
2555821381
2746533849
2749894120
2749717489
2751623768
2576048610
642770835
2746523985
2611700677
2751668691
2545398079
2707768576
2749874992
2655078668
2719436816
2901745779
2647958862
2610559958
2590337056
2674670659
2924972337
2749679397
2897315778
2721047558
2704075545
2669040352
2747203163
2704027916
2719526157
2684905064
2742962221
2514558508
2569561583
2869478734
637217303
2541736143
2690889162
2669654836
2543716394
2877935267
2602935083
2559633272
2581237863
2577638017
2645994340
2657652530
2639410853
2535805418
2747140845
2670736363
645287232
2665151514
2720144734
2721217648
2668953858
2747695021
2603666061
2719556591
2851029727
2581065026
2701762667
2656066903
2545416726
2610412316
2733834031
2748881451
2749301506
2633199691
2750733781
2618902632
2746891524
2703334401
2852489137
2743521863
2896820082
2825539520
2758389686
2909214043
2641016421
2875632545
2667155890
2719448648
2813562988
2648256049
2903342219
2601304179
2555999546
2746243240
2589191027
2672129289
2588832653
2659255525
2539801981
2750400217
2743344338
2749468920
2687944391
2695846468
2726297797
2733886575
2749607747
2690775433
2721140558
2697675394
2618879381
2665266621
2657906253
2750908496
2673199362
2916223677
2898834896
2697796829
2632366306
2750743352
2601147857
2532922594
2655324334
2633389862
2569952309
2571224730
2748837380
2880347026
2669581518
2905135542
2559646095
2631693820
2748574938
2749096858
2655838740
2715779613
2589477848
2906152346
646599679
2750338396
2618893820
2726395620
2650804624
2660737205
2659563837
2559641796
2748736195
2675548791
2744598096
2915834344
2697241750
2572934011
2939105827
2750481131
2749058272
2628299175
2938132685
2938156610
2939083329
2939113736
2966073173
2965654021
2965689174
2966010314
2962175142
2532582664
2958311059
2958321959
2958332113
2958354407
2962108459
2962544585
2962581443
2962593548
2962596299
2969096780
2969464369
2969038772
2969468955
2707657106
2715486330
2720891563
2661141282
2877904921
2749049029
651550369
2721199028
2669342536
2661479962
2570026860
2571723918
2601731371
2576628726
2707756251
2610402230
2567037410
2825502562
2541630338
2520822666
2751843189
2720939873
2674021091
2610716131
2703318380
2682837770
2658831915
2692594541
2646057034
2723217767
2750715122
2661891762
2610467737
2541734499
2698859983
2751773775
2550094359
2704049834
2647693129
2688548803
2673386604
2877910209
2750022275
2610886195
2610595524
2520752348
2905078294
2656046305
2529908735
2543145525
2641210768
2669272460
2567211229
2638607695
2751927043
2720302016
2648527812
2724769131
2748760063
2543764290
2712311390
2532884629
2726362587
2749311062
2719301555
2908554124
2747772293
2583660194
2749908166
2747322984
2751748596
2697477126
2533399935
2675792576
2751198069
2547835829
2875238857
2640635941
2900975061
2588847337
2588872601
2656022652
2656004709
2611228692
2751365326
2917344995
2678926313
2750395529
2552177857
2691797228
2724007474
2850588575
2597983901
2559628927
2687981244
2701738169
2755124104
2749631771
2749822920
2714873199
2751683799
2565080319
2588929599
2668471752
2602494284
2750962872
2520264685
2747389541
2718960713
2925486167
2688667706
2663067822
2663328496
2543129388
2652774647
2601354827
2580243353
2748508000
2566178698
2683715545
2611732313
2655975188
2861031475
2662233896
2869436293
2555952114
2726160258
2657922530
2751917259
2744616224
2694041497
2795916401
2719836103
2747728763
2569469718
2751708585
2901669814
2707348374
2632839306
2566496016
2749153952
2869439530
2743012735
2749172916
2749927053
2677487738
2581089759
2577063442
2896785230
2655873475
2546398713
2678110874
2641748177
2749334798
2748745678
2661776919
2698814554
2748871397
2668964268
2559637547
2678188636
2749478520
2747575493
2696531468
2751892879
2675519941
2601334828
2664610593
2723332947
2543136445
2847569892
2747408582
2750176021
2746872164
2554868277
2696624495
2748421566
2750819665
2901706094
2543541717
2742862220
2688448971
2657943587
2861037608
2661751731
2648328346
2655668430
2550761415
2699093473
2750295517
2589791902
2750898241
2641251354
2748589149
2748219176
2649713270
2629414027
2750728990
2812998263
2633517284
2719270268
2538622796
2923246087
2851016972
2750952946
2722673734
2641283283
2697403178
2697203336
2589218962
2750357510
2878872521
2670159437
2722925261
2898875131
2878889204
2682846053
2660799384
2683179912
2559974895
2662387685
2600625423
2641690764
2744299247
2688112279
2638146156
2582038403
2748895937
2751223553
2751907779
2726163767
2718974895
2649013721
2825505956
2747780233
2549021550
2779202198
2690785439
2675284099
2559952596
2572917166
2715733045
2543907625
2751599093
2610942294
2610858093
2746600708
2678096051
2588551303
2665873112
2751498083
2665372469
2750557065
2813060221
2813225052
2922856952
2748886769
2748389090
2543882141
2671024326
2747112519
2559969603
2750580912
2657900622
2530309529
2912036851
2748194821
2726328096
2726303721
2912067513
2746552961
2850578404
2666639105
2692787678
2749187097
2751848237
2666362442
2725859386
2751545782
2641322795
2793854319
2753966267
2580373154
2750004110
2726107092
2543812098
2750314620
2704005723
2922316539
2703330678
2870436273
2851036006
2719287411
2793907246
2555258486
2669267089
2632543431
2751823608
2730063138
2703288092
2682823205
2696252014
2689122093
2664912968
2703351676
2813055388
2752085623
2703249091
2750709912
2675072729
2648989883
2917375907
2674669412
2674965967
2678166640
2691799531
2723181972
2719425217
2683083772
2726382293
2576426021
2726401868
2660283333
2559855449
2570855692
2751460752
2747136273
2747279877
2601195026
2665935280
2631290225
2661704288
2592470435
2917365636
2610583591
2750590911
2586019007
2744611490
2750657404
2640530790
2683311957
2656090749
2750462036
2750069816
2859267592
2555751327
2673072634
2632888545
637640937
2645878123
2898881467
2747020777
2752080947
2751483784
2924977691
641857514
2703345917
2658060597
2695675474
2657765937
2691947583
2907830377
2588801334
2661713813
2703368699
2636874581
2872444496
2690733911
2718907586
2880029842
2719723209
2917334783
2610534105
2903327067
2618887892
2749445062
2533382940
2693648210
2520831961
2721344003
2682856068
2908956068
2746207298
2696792610
2674308026
2670617726
2660529916
2687990492
2648676444
2650781199
2719337298
2642086417
2580532915
2632314983
2683962439
2747509030
2698970568
2851930011
2909243529
2697632693
2601450489
2748185835
2665274270
2657466459
2601619959
2571363290
2633208423
2610945817
2715841317
2907899808
2602262703
2872655696
2869452093
2662912028
2749339611
2657552670
2665745559
2747150761
2533326238
2723618291
2723186534
2683112618
2925848698
2750863764
2549318528
2666631840
2531855603
2747074315
2726153394
2909218987
2667022068
2748224460
2606146912
2758400339
2896799985
2668650537
2589756551
2687681606
2666162337
2750552336
2543877882
2519708428
2813204285
2727170595
2650068608
2922850959
2670012521
2719453151
2661470997
2696560616
2719264784
2571699077
2658114764
2756787381
2725726571
2667257357
2649086104
2751873115
2718601795
2730251788
2610905716
2588931609
2749660310
2749072839
2637079854
2661386195
2601701037
2657734213
2909185387
2722947847
2670457965
2747748184
2610732642
2749177632
2746959032
2667422038
2724854603
2601186661
2650967262
2610853674
2554669648
2725895247
2750065076
2750093628
2749688983
2512804443
2646088550
2752027585
2748857024
2877561583
2749044661
2641048307
2690771312
2521375915
2697450912
2778914993
2748594096
2720364290
2662132461
2748464839
2752090499
2701758031
2733891698
2793896340
2638362585
2925810515
2701752849
2583812438
2672396971
2642245462
2632221996
2697709257
2610655410
2746862666
2750762997
2751853225
2747757852
2701789588
2916636999
2851432553
2675091107
2664783254
2747709816
2748359288
2749559887
2747298908
2535165691
2749636711
2749836919
2924957075
2668728547
2747456264
2659191483
2697747529
2742958049
2662729212
2620634604
2726116932
2535157754
2529904870
2722934272
2730058211
2533307138
2629717484
2749358889
2747351374
2659540241
2538067390
2543684329
2903351891
2568783318
2721226723
2719350809
2720423404
2701491993
2640800469
2647478702
2555210172
2789790250
2543895733
2909238707
2559885944
2793924076
2875670853
2659377132
2703393976
2923279627
2729426386
2658170683
2661788635
2777025639
2573843914
2691412240
2693871586
2637791022
2938199948
2747284632
2678845624
637212761
2938773908
2939093673
2965630425
2966054335
2966059122
2966030959
2966049588
2962549430
2962556712
2962566142
2969057934
2664849293
2603843974
2969045586
2969067117
2969428725
2702229402
2618384421
2747594771
2637481119
2745120219
2786855149
2667392161
2610434905
2545467495
2601309776
2601211323
2748166119
2751536138
2675585295
2669122746
2722929768
2751946824
2750424075
2782352650
2668742783
2569105304
2813004010
2610808112
2682744616
2562471659
2589779548
2537930379
2824553176
2637098854
2661722342
2665645682
2588786260
2748994997
2750108381
2631700786
2657566430
2633306461
2610970071
2721061112
2747637856
2631652939
2646744304
2601157956
2651769343
2570508247
2638058313
2688538943
2570215189
2750987875
2912565442
2610763331
2610936580
2675602300
2751579567
2748229265
2533336406
2543623678
2751788977
2543572502
2633845832
2917318740
2650097610
2922222321
2657809405
2610820394
2541654429
2610492456
2687849978
2751936631
2661740828
2637731501
2851456945
2690745998
2660924843
2632242553
2749684213
2588882365
2689948492
2657665466
2570617585
2664877174
2750045996
2618375880
2665199269
2575179031
2743022512
2726123618
2749440426
2720290964
2877555736
2722819849
2906203168
2655852685
2749024789
2750386432
2701992775
2641203706
2724026768
2707666404
2663280058
2610648532
2659234077
2563116575
2747447013
2712528377
2669885252
2535878705
2655843254
2898864190
2647028651
2751279696
2657951319
2749053456
2543583121
2917385656
2601156566
2559961598
2550930583
2683035730
2723438656
2541675943
2748250416
2747294210
2559964770
2666504330
2580052685
2746992659
2533766800
2722749518
2726129327
2750801127
2645914723
2747561118
646989476
2907821083
2535138879
2752008444
2610725825
2570356205
2688014043
2912536608
2749693659
2750810238
2657539956
2631829655
2670670618
2875666919
2730243306
2720453731
2750922966
2748721991
2669850798
2559903203
2696134531
2662176733
2750476376
2707696589
2751360826
2825510494
2751760093
2630361779
2748603789
2691133313
2696803917
2792753515
2900980547
2519386208
2547168831
2750447853
2749641322
2906165947
2650076056
2610958784
2747365696
2726283077
2733842431
2661409168
2886118273
2665134188
2601653167
2750495327
2719259339
2657446081
2748999371
2875640313
2658081732
2749258514
2750333633
2659110125
2752076221
2749950930
2543822810
2901698533
2871673878
2665561365
2922862272
2646602031
2633938613
2793875058
2685340669
2665598223
2610683545
2667374871
2601615115
2749516723
2905129555
2690917762
2742672463
2694402773
2641843171
2750676543
645333090
2683061424
2563589991
2747006556
2747188900
2669361794
2543594848
2583832110
2675260351
2673504413
2778806475
2909233207
2906129228
2703987824
2733868168
2727160349
2668297855
2703361819
2750932944
2748798341
2684198258
2720359785
2901751408
2631590094
2610753859
2682808374
2726182486
2687230783
2520424918
2589207103
2750927878
2897310651
2922845833
2670237263
2919110345
2750036593
2547212186
2589881344
2748147058
2668800670
2924892540
2751593975
2751658788
2520410209
2656042939
2683707817
2669453270
2657973475
2537921118
2550849231
2571211282
2749879682
2726563499
2543534428
2748431513
2573348572
643370407
2661782417
2581655087
2715857960
2750438331
2678035782
2870461618
2588826165
2611895097
2693587241
2601221831
2543140798
2569549654
2925858969
2663805708
2703341632
2748861842
2897295270
2869456070
2716412887
2668639190
2778927829
2922833850
2720409892
2692363177
2747546799
2684078877
2746586266
2793879959
2729412399
2677740314
2601460494
2649319945
2669569053
2699167333
2750633464
2925507545
2640992226
2750585664
2747165778
2665336617
2659638523
2629326328
2589813173
2665623579
2610637680
2529891890
2723222336
2687009012
2663115054
2580906893
2589839522
2750844227
2589738773
2747375137
642737567
2748891219
2751331847
2688889107
2689374603
2747146170
2748793446
2723175634
2916218269
2589797271
2549813547
2749898897
2742927651
2670214529
2718638616
2692340438
640800248
2697982681
2748436186
2677289816
2925466032
2749540790
2749723318
2793913168
2666319748
2886095425
2664797768
2913103146
2655508275
2589195904
2554849039
2750008000
2610377704
2580446008
2931339604
2715852282
2697428771
2559871993
2685345667
2588854481
2601369402
2657694050
2554803300
2720002608
2900971999
2784124624
2647024488
2746335693
2707547752
2747432415
2548614993
2610611942
2693049834
2661276372
2656087412
2588838751
2535767625
2534802019
2589205143
2666622315
2636789793
2573769796
2661523614
2603853993
2543643606
2538636918
2751970114
2543666700
2693453862
2748708540
2746234520
2743035128
2745933176
2583827203
2749087158
2581383602
2750050836
2750347976
2923262624
2661293932
2750228187
2751814078
2779223656
2747155603
2707608653
2749555135
2563122529
647940094
2636503155
2672671091
2703230687
2900986089
2750319790
2693828784
2569745374
2520354893
2748969768
2718646249
2749411534
2601377644
2685229657
2692858214
2715862338
2559817005
2897320265
2851028187
2543638220
2793901650
2651835761
2751469423
2750519129
2543885799
2750132823
2874290181
2746186223
2657417390
2750973373
2562968349
2663955123
2663100456
2582378213
2691792053
2574765550
651164755
2661901639
2660262166
2601176113
2505092581
2546795726
2673809795
2541723899
2715975776
2649578039
2660376582
2641279266
2641717151
2707570114
2707542739
2905066832
2751738593
2922827856
2749703215
2748788571
2698999325
2660756645
2573665563
2670633388
2749521562
2662536004
2667109842
2743028071
2751464529
2725713449
2670741642
2545472836
2749130134
2678268047
2720556423
2670142790
2589823661
2577729981
2610780438
2749488233
2750309838
2751584395
2749779665
2666794043
2602270183
2692781026
2730067658
2922302271
2870241058
2724774539
2601360432
2664724106
2807977339
2672570681
2601648364
2925496112
2665545603
2880313418
2642071718
2748740985
2696044029
2659423529
2588917900
2670344557
2668487481
642117182
2697969847
2667271109
2707680657
2750055488
2748560576
2630472493
2648160176
2581720825
2693918746
2738615838
2563096617
2672901462
2877924435
2747241617
2665099574
2747427600
2746543463
2742884453
2723372380
2650126410
2685237493
2879990773
2733872591
2641653107
2665687160
2860995309
2519301681
2746548148
2861000647
2707747899
2652950044
2632179404
2659355470
2749220643
2750074495
2707671126
2554265763
2750786356
2707369315
2511973906
2721498072
2631495906
2813574640
2749945977
2751407950
2631358761
2750118106
2697896467
651247288
2750371746
2674640716
2719208934
2575120892
2749760712
2938206198
2938804675
2939081294
2965607964
2965658866
2707362139
2966015529
2967482648
2965619560
2966004431
2962155538
2962184241
2962577268
2962759010
2969085929
2601200897
2670933602
2903315407
2846278137
2969024338
2969047085
2969080559
2969414361
2969420143
2748900856
2606176638
2751248477
2543923538
2720876622
2751589340
2703398679
2659979386
2750233093
2726198307
2750942907
2751560345
2541726096
2647647035
2610327495
2778799842
2750151971
2750218733
2661970548
2678302706
2637223527
2747309148
2553121821
2672035574
2666677847
2924983014
2751341580
2751526607
2519710983
2810815470
2729437389
2896422627
2630707305
2780275563
2570735894
2714380095
2675105924
2748522260
2724159485
2578225329
2749206236
2698869006
2637571821
2724780701
2723909974
2641777658
2619460026
2605149319
2719308926
2748142306
2747733631
2749712810
2750561883
2750271375
2747619148
2535477469
2653088581
2652988876
2601392622
2906110462
2545481474
2632488660
2747767610
2683522041
2670510506
2701631753
2641156635
2669276632
2749989136
2746901085
2732824874
2597979626
2519290562
2721381189
2651575713
2612325210
2655342733
2572786570
2621264065
2907848835
2667280477
2751618846
2563107209
2632977079
2851449334
2751384077
2677603379
2751398482
2569018059
2672489044
2870446307
2900997195
2747704764
2876540512
638781104
2577755921
2880326793
2694538233
2922800253
2611740044
2719107466
2777019843
2750691258
2725210967
2749569363
2749454615
2749650819
2871656119
2925868809
2747522927
2707613111
2916257385
647149834
2751188079
2687625018
2751833427
2655950443
2812861599
2747485286
2577365665
2748267726
2726323013
2750328939
2751994064
2633166250
2541743417
2533296337
2747413327
2670226141
2750223534
2875240519
2601134722
2543545472
2676408298
2917355181
2611655410
2869473321
2807473988
2877915330
2726313286
2692677798
2660271692
2880316825
2751440892
2569965999
2646867286
2916630344
2574994419
2719831598
2718609410
2665820428
2687164153
2719292048
2588925059
2749210952
2598866663
2571448938
2696229732
2694432800
2678326501
2543779699
2610660059
2670521382
642747282
2849029670
2559807383
2720307760
2748726823
2601726831
2610954464
2669417838
2683704988
2748651160
2905123600
2589853990
2656033856
2730867684
2682491481
2661615909
2875261259
2750815482
2664515713
2749602918
2641892169
2907883732
2748541992
2748263477
2670546865
2714971322
2888325230
2726126459
2652707709
2618372358
2693978184
2589187446
2538607587
2758403836
2543618844
2546408347
2632557859
2666818989
2682421955
2720595579
2537029353
2723312109
2747011360
2603876874
2536293632
2663225888
2720140227
2674488664
2601261887
2580689355
2588829012
2742851368
2600612228
2671045087
2912042383
2746857950
2749583911
2646804892
2649941606
2719696601
2646631293
2850994963
2747260812
2590327000
2601363563
2922319157
2750681230
2916185616
2533761686
2743347155
2577760990
2691169573
2670872360
2657521810
2601523123
2558581797
2672825112
2665862072
2924942257
2875660262
2699695647
2695896933
2742857421
2668769301
2875635167
2674281948
2638403056
2748373527
2746949279
2726343538
2610441894
2720296146
2880331640
2859254343
2647843896
2659301233
2696032133
2662643878
2746905845
2751955595
2878047268
2646961136
2703270457
2696385456
2750060335
2695944999
2572375066
2655523412
2659788769
2720551876
2750257095
2876527733
2677774176
2742930275
2611680914
2903346454
2581566910
2703421016
2900967278
2748866725
2747332478
2747527709
2633789335
2908950867
2674234327
2552935202
2749292070
2552661265
2538058302
2658949028
2669941712
2748469584
2667323771
2665649907
2630547865
2875655539
2916207417
2750122981
2750238046
2747265576
2924936124
2715770833
2674202195
2689284003
2746238473
2621201958
2697087824
2751941297
2726103095
2541659973
2780501088
2536627165
2610420005
2543801128
2657835732
2714007933
2871678150
2629924986
2748277258
2748613249
2925862921
2751688775
2848628036
2572883406
2696301210
2860989942
2747030341
2913094196
2610874849
2633723549
2520402037
2748665355
2747246711
2559946125
2720737034
2722745014
2752022708
2611651705
2747599512
2647444049
2660541960
2750113236
2610705240
2748397852
2670186280
2662941281
2720343496
2648218107
2912031325
2665186066
2697858778
2869467593
2748693773
2658164703
2924886935
2880321782
2748627420
2654923771
2543758273
2572010306
2748325357
2747451598
2601434960
2660920574
2749082507
2922869079
2678072595
2749234852
2922817222
2923274408
2720926358
2640461922
2749196633
2746881950
2750758190
2610480962
2550312910
2691400326
2749106385
2520268266
2733826336
2649063798
2748156571
2601418558
2559998302
2847579539
2847585653
2582375013
2749168187
2543851708
2520860613
2592490714
2538602815
2750609562
2747179349
2719916414
2663094283
2647004824
2922806124
2860626938
2541638661
2749320482
2648685884
2751638681
2746229055
2750204753
2748769645
2674920474
2716399378
2662112543
2750652574
2748579719
2538614799
2907812738
2699972673
2749808358
2696984879
2751417724
2714855323
2554833676
2602638197
2750619057
2692145044
2662600757
2733876363
2567219357
2749325892
2674377696
2655305607
2601429901
2715822959
2670046947
2520763494
2698745754
2588806537
2675502217
2916201925
2693094917
2748243266
2924948368
2747661729
2654849956
2683067203
2545882015
2749931765
2703375635
2611888821
2825462484
2751950906
2590340583
2714375195
2791499494
2696588851
2674008794
2723337452
2718983905
2750185588
2563124770
2601325622
2747059775
2588877413
2632896675
2721691921
2652882060
2748286940
2703323685
2750576087
2555964312
2659548896
2543857889
2750012842
2742940271
2720414396
2749225367
2555639858
2633194966
2655910715
2573135750
2851438291
2749665067
2543668573
2746576721
2849913078
2640750162
2573103998
2628995200
2692820177
2670264653
2715783384
2746963404
2703236383
2562910535
2559944965
2673522643
2536632273
2922838487
2651133635
2672275981
2610962859
2748877212
2749277623
2748282074
2559314552
2751902791
637404646
2670023582
2726397118
2905060540
2541682660
2660615130
2877922304
2903359114
2610929977
2699018714
2786888490
2559841700
2564313142
2751979722
2751252855
2667207939
2745226141
2693154023
2749789189
2724859258
2560001991
2696245220
2749698527
2636627133
2749092032
2670437016
2673465643
2907854217
2666737887
2543711095
2698586507
2610512636
2696242010
2692431341
2640916525
2670251850
2723555636
2747791900
2726372386
2674883626
2749588646
2871636835
2610456965
2878886105
2601251885
2664802340
2687659555
2916212648
2860602296
2723346463
2751479317
2610899350
2682832733
2748930701
2719229711
2722669191
2603838766
2749349241
2938144308
2938197187
2938749578
2938768419
2938778729
2938785087
2938806290
2939068190
2939108925
2965669390
2966045599
2966066492
2965613788
2965638639
2958348131
2958330030
2961611272
2962153865
2962164932
2962606584
2969091183
2672949486
2702234875
2901739111
2969448791
2969453906
2637185124
2751394368
2747198404
2588782081
2748319494
2749287241
2749903589
2688573563
2751007924
2720117462
2611867969
2693180026
2720754818
2746896315
2747796750
2639311966
2601643581
2702240114
2683478109
2620596022
2749741609
2925832982
2686719149
2748808057
2742845887
2723197355
2640889375
2692029877
2651270287
2632101394
2748474275
2689159515
2601228483
2749969744
2751507537
2563728314
2683727382
2721208158
2749249039
2689103241
2720826016
2642115369
2909203863
2825529470
2718785763
2692870570
2686709640
2610545474
2540288058
2665171394
2569091527
2559791683
2662468349
2748974763
2749731822
2909224092
2720334481
2610486632
2747570769
2748445866
2707157291
2663150855
2555957392
2852368732
2750343219
2878881393
2916622833
2662622755
2543698442
2712655213
2749034426
2750504819
2610842463
2726146304
2749330047
2550921648
2655308936
2903307005
2751233344
2746538648
2925478862
2520359713
2650152721
2750414545
2666414232
2647696961
2699009894
2748190112
2747714810
2835262789
2520420544
2927798933
2597999240
2600616357
2647037701
2747054782
2658936876
2552266487
2748498155
2751838257
2646830806
2612182648
2749244326
2661088580
2543569228
2697182030
2660809771
2748214105
2645791777
2637303185
2875649614
2651747101
2720835026
2747541921
2564755402
2751783800
2666918172
2582327192
2565096986
2726148240
2723622858
2719911747
2674048263
2735015171
2751965292
2714966800
2632555885
2666438182
2896825743
2670155149
2872452108
2748764891
2751322381
2707581754
2662526991
2748827581
2715716911
2610430962
2580327192
2520749992
2877894456
2719314079
2749158708
2793858253
2780718289
2747107824
2665720477
2751868137
2742901753
2880018281
2722662492
2610893981
2683720022
2749406783
2776711876
2583664542
2726613637
2723157761
2665733851
2670114395
2633221538
2520766124
2751718706
2618878808
2897286288
2659012026
2747103020
2774913842
2751555403
2749598044
2748843390
2543707953
2748199598
2720935369
2872670398
2695822508
2751863169
2874306298
2538629704
2793871449
2660250150
2750381255
2656000253
2721674867
2665344920
2603660788
2733900753
2664924116
2579370029
2697912201
2748684322
2748517578
2875676083
2656056574
2685240932
2722914159
2724758747
2541584924
2545404736
2559811598
2747537120
2748175764
2612105349
2750300822
2749865409
2657741945
2672365044
2670972026
2751743415
2748623191
2651027004
2648101405
2724012185
2707502448
2662096720
2716403916
2749917655
2570624806
2636639612
2592521567
2703371489
2660875926
2724842353
2749077646
2586135982
2746877007
2704058889
2701743020
2569427559
2694101205
2747513366
2655966156
2721194522
2748632188
2662226677
2751574793
2580019644
2545392007
2647157752
2647033788
2925513098
2570962641
2531177188
2664694822
2747025596
2669877562
2589475726
643729790
2750209514
2701772336
2747489588
2749736571
2749297282
2750103381
2665534895
2554879620
2688127301
2730331904
2715806475
2519380014
2562435400
2922248731
2610385870
2730327568
2897305759
2646165619
2726377369
2751297967
2661657610
2707622651
2912072908
2707493908
2715727018
2660680043
2926722060
2694292716
2748368796
2718790293
2664984732
2659420123
2550934719
2687666968
2720885633
2601528282
2687927414
2742632463
2543646180
2749063082
2747556923
2748646890
2703301502
2677422687
2722829762
2746386381
2673364466
2747251568
2747518082
2633577272
2578647577
2747049717
2746910515
2749855898
2746920535
2545483919
2722803677
2656019697
2720522541
2715383104
2774906355
2750566613
2751648725
2750510662
2620695693
2750390778
2633245599
2569658226
2707161451
2589752997
2601736383
2669292157
2569169255
2908550013
2726201468
2630544024
2580099476
2650903048
2646030301
2726357655
2610536383
2729407149
2559940140
2663834959
2610759615
2707792783
2913091396
2646253029
2749378153
2601129258
2922822978
2712524293
2732829883
2877534152
2747719264
2545455874
2847574908
2531243047
2581076080
2699473748
2751238414
2696718815
2611811497
2714964881
2571463078
2572117643
2687612886
2780714223
2722980913
2903367346
2541602735
2750859347
2876501338
2748755879
2618983257
2536108608
2774741904
2723328442
2663058695
2666991572
2924951194
2668811407
2730237274
2696466914
2670578308
2702224681
2749803410
2900958409
2784251653
2581575535
2697960560
2543680065
2861010932
2589849893
2684809240
2750471551
2707347435
2693216658
2649571049
2656038376
2565310202
2592532826
2917382771
2606049229
2751317452
2543629818
2541613235
2559923401
2543777197
2611791430
2683695866
2661514743
2533311947
2730072164
2641499123
2723546628
2751883090
2580507236
2749870171
2849902494
2750088766
2751284161
2559927323
2660495257
2707661570
2699996032
2543609644
2610913555
2678723730
2851427229
2683103454
2537778397
2641190109
2750276213
2733822893
2670731299
2666899024
2750795856
2533319349
2748945249
2589860191
2706471508
2718617119
2696522405
2690849161
2750324137
2758382613
2589786473
2751193006
2687976664
2665366756
2743747521
2563109744
2726289281
2712650271
2722740515
2742685813
2669719103
2896806016
2653007911
2749960241
2666405465
2543604948
2692206527
2665765789
2659822810
2751673685
2907894779
2573871330
2691714299
2750893250
2714991147
646908744
2751003123
2813557125
2903322210
2638100098
2723234154
2646976863
2545439892
2748906478
2610337811
2543651728
2870245864
2610745060
2748989629
2678651609
2907871240
2541703528
2728619871
2554860426
2559862638
2750642954
2696499324
2751897801
2683024192
2747418093
2641492546
2545961432
2610555991
2699327865
2610737529
2543838495
2834017896
2876548688
2722834325
2722576177
2748493330
2715743634
2663451553
2559978129
2652499138
2697846525
2727165208
2559982275
2659373682
2746968163
2660358636
2810194830
2661632822
2877546879
2749125352
2745219079
2749550391
2558641324
2669586152
2703222899
2924898235
2611139233
2519719332
2631614608
2547216950
2666986490
2662807154
2543691272
2662756594
2752003651
2791511091
2638667276
2750719457
2639442147
2749526378
2714395607
2610074819
2880341866
2675462895
2907835783
2693601254
2703306191
2655067236
2749421147
2748441034
643363776
2751521818
2747461015
2610694824
2906121497
2694486607
2667002335
2748455382
2670294562
2700105151
2825466361
2658302665
2649949177
2690907738
2637352236
2715741232
2922308499
2669153370
2655314664
2751474191
2726475150
2750599932
2733894791
2567032641
2633402000
2874311113
2751931873
2751733512
2703264395
2543660111
2750252309
2726172082
2601397638
2748238274
2664739769
2748460079
2550974181
2543579347
2602371429
2851444007
2791492924
2695582912
2656078266
2589863242
2646765636
2693147917
2531271851
2694450778
642164641
2533303017
2573695318
2746886648
2579939080
2750500065
2747098113
2610675467
2610622788
2565091141
2541698143
2546759747
2748951096
2697701895
2785618921
2559988717
2666722122
2897279901
2707675938
2588908386
2772287980
2749884530
2749846408
2748674857
2720547267
2722812330
2664525488
2540707769
2747289493
2877940366
2719514031
2939573106
2860584945
2746614976
2747671180
2938140083
2938165538
2938793353
2939088090
2939549921
2965624944
2965646340
2958296733
2965665627
2965697906
2966020603
2966034996
2962561422
2968462811
2969006633
2969014065
2913098393
2748363974
2742880102
2535473166
2750824398
2663160886
2724153885
2610501978
2554840668
2655090760
2721074635
2672295305
2750648314
2565313268
2666693847
2541688499
2908545683
2570253341
2722681074
2703968075
2667054759
2707360115
2661027882
2720881129
2748955880
2664473703
2825533441
2601338897
2874318721
2703252119
2720949030
2860579510
2659891909
2750443085
2611013380
2649050143
2703987013
2552262238
2670182030
2683732457
2697036413
2747475369
2751778691
2619273255
2662473398
2749497744
2674905143
2543806152
2552941674
2659841852
2695607809
2601311540
2748713258
2592496396
2749727008
2903371698
2606070495
2747532473
2672989314
2671963019
2601255772
2923243339
2620643781
2539243169
2660510493
2742788527
2793864008
2718946878
2925455625
2749755862
2674972813
2747642534
2601381162
2647883441
2555948733
2748551453
2692188244
2730917902
2660246229
2749912908
2714986393
2520780554
2641833617
2692632574
2724127028
2543892567
2673626922
2750290664
2726274803
2603848922
2748784290
2721065622
2696975814
2749564648
2658190542
2692223953
2514291854
2690837438
2750366930
2570648023
2580279235
2720285862
2746924734
2611705256
2861015773
2750686091
2633154488
2747787405
2877899773
2645908726
2906187826
2589772665
2638688313
2748570265
2562365546
2728374549
2592501611
2696789363
2533329460
2750695612
2750466790
2543913723
2611786471
2742870415
2923269963
2541644559
2750738500
2751799192
2543786696
2582199678
2906190446
2718743559
2545433599
2751763857
2925838153
2579913700
2752066476
2541694772
2758387504
2719998000
2601233677
2701728096
2672013232
2692628819
2592513941
2545966856
2922266929
2751307630
2778910097
2630542116
2707637163
2578165469
2699528126
2742792225
2601295465
2719282680
2693796663
2642220733
2751818793
2752037265
2744054618
2916247270
2750266671
2562905728
2662292219
2598254708
2655970675
2582432722
2719685894
2670232896
2904516809
2925853748
2559797887
2747656917
2749793994
2743353422
2929368687
2659727128
2543614141
2652776934
2638250095
2675815367
2718626134
2875245693
2588795362
2749770432
2576140917
2747762614
2562613455
2719298030
2746972980
2572445492
2896779711
2655832699
2859263307
2641362519
2540420075
2543930650
2543852915
2636971544
2661896705
2670135390
2813332369
2723914477
2655675028
2687971941
2748641711
2668305644
2723901670
2746557683
2726460453
2512022407
2723895972
2719441324
2659290787
2520405506
2751858216
2726137510
2751698539
2871640673
2749306253
2730924872
2696777765
2750433585
2682428573
2674560461
2714866806
2747699817
646542888
2543742721
2724754232
649676362
2749617240
2664807043
2550101532
2750285951
2748617933
2749483276
2697752215
2601404221
2519307016
2748925845
2638263317
2750829247
2589829507
2514284438
642170018
2748832568
2749536034
2672507320
2747174669
2748546170
2699876541
2751431648
2916229550
2747169925
2747470531
2633315226
2641379519
2923265216
2691308192
2601402453
2925843336
2660286414
2724764310
2719961744
2743002561
2660395158
2720126539
2733902068
2520777107
2631771149
2750705063
2672500955
2748412143
2751312621
2664629062
2559956529
2748488504
2747666612
2747647357
2696327644
2720534084
2645806239
2601152834
2675058362
2719717466
2916241941
2847567614
2719711685
2691464588
2901681325
2682850511
2610507657
2642341393
2751703717
2749459593
2662908257
2748354534
2543689676
2635510074
637601103
2610445445
2672341094
2635848105
2692388857
2726185975
2669391977
2879996435
2650953354
2877550883
2588531656
2572866873
2748979565
2588857535
2666039184
2749749568
2601696713
2667102437
2661189799
2724785111
2746605464
2610598213
2813567494
2647233747
2555194464
2749622771
2572653575
2601141620
2745937120
2649004045
2748920599
2541709689
2554798193
2718979398
2703392004
2664566098
2774923846
2537925391
2719691151
2749425887
2619197564
2726284365
2726606408
2664671738
2702210176
2870451182
2724132538
2751887760
2748349769
2580063231
2750281028
2742681839
2697720106
2750137546
2654825026
2659708440
2922259834
2609964062
2601265532
2726298938
2748915666
2745428132
2669633673
2746571956
2751426844
2610355412
2703242344
2749397231
2750628683
2747093505
2749502513
2682919169
2723416097
2505111655
2575955154
2750781503
2749646069
2666377379
2543721925
2752051711
2659804554
2749253775
2661627226
2588791478
2541673326
2825515414
2749120642
2724836342
2659440755
2715834353
2647178828
2665205621
2906157886
2658109982
2701732953
2570410867
2636848094
2875645812
2686582666
2572590869
2654988633
2720405386
2675352243
2749993772
2755726717
2667415476
2559858344
2674888459
2655847886
2692240970
2916234969
2576344577
2666758031
2656721038
2662380007
2584041798
2870226527
2598588511
2610462677
2748584424
2724138442
640914760
2720944382
2569454345
2825524732
2707646857
2726139093
2749507076
2543795882
2601438804
2638106913
2749922311
2916262853
2656009599
2748531860
2656015248
2721686096
2690723793
2586374511
2670089202
2668748229
2726213000
2747724009
2637443964
2543565196
2725177051
2750614275
2747690234
2916614810
2726332638
2746929519
2751608806
2748180934
2751370257
2751202999
2649310741
2888698707
2692863071
2696510026
2610320236
2726114333
2747499086
2723634095
2539015021
2541599997
2668444737
2651608906
2748209604
2697546338
2750376458
2550976867
2662510676
2691687525
2652280429
2662492922
2612153542
2567207990
2784127752
2749354212
2575267990
2683056341
2641339865
2786687528
2726337625
2748774314
2692010942
2574077809
2688872926
2601168863
641304016
642135410
2721680669
2707627574
2648517185
2673723304
2726096852
2520192271
2610425385
2721231230
2896790874
2851828466
2543672823
2529914244
2641399859
2588916055
2589807221
2569816654
2636565211
2909174676
2602199942
2659283839
2747442030
2640685703
2749068015
2749574202
2750623911
2580483397
2752061488
2674472707
2694089264
2730928601
2925819817
2583778914
2563103059
2729262678
2580114986
2582468783
2906145206
2793919587
2718965713
2677402417
2751455180
2667306918
2601138075
2859727084
2751218184
2880352707
2751213979
2610869705
2747394290
2749101556
2610710546
2618536979
2650088479
2662805641
2661043578
2666206742
2747801490
2664815352
2699713463
2659928041
2906172456
2701784765
2724076150
2543701381
2750457350
2666557427
2748393086
2747623605
2661819329
2690884081
2589834341
2683972276
2703943455
2906143731
2750993103
2652563495
2769222711
2723208657
2747370452
2677994959
2750428749
2690867894
2707641880
2715788420
2905106457
2749139648
2520830769
2655667047
2748599062
2742667768
2692393954
2687748602
2749387757
2576488550
2546790002
2747313310
2554852562
2657501052
2938125934
2939553740
2684697102
2939118698
2965674479
2966039634
2938755521
2965640851
2965691292
2962145737
2938180900
2969409221
2969425693
2687753486
2747494262
2969069072
2969459359
2601213284
2707707784
2748426727
2750849144
2917350193
2926048132
2629033770
2660611109
2650853752
2696282429
2748680040
2747403835
2652848519
2554874222
2875229798
2748655888
2747039990
2658036806
2692099107
2860613270
2750180806
2912546698
2750883482
2746982462
2673044481
2610836788
2888688658
2720131051
2703296767
2636667410
2610777918
2723481669
2673999219
2664946277
2589870928
2749860664
2747652182
2749936546
2661801561
2575754756
2747217463
2900950533
2650054370
2601740633
2673010341
2696463669
2793884971
2694461437
2906209186
2720813427
2695662600
2682842443
2752014167
2751379260
2720319176
2749813060
2661336699
2847558905
2851466304
2903353159
2747782581
2751265012
2852250759
2657935575
2880011560
2825486559
2751663708
2896812388
2721551251
2742954271
2703405407
2747676327
2559892579
2659831846
2630287334
2610367610
2748253261
651063905
2693572980
2669451040
2721043054
2716408834
2747222277
2601721739
2655819720
2569271601
2925481346
2726347645
2583750143
2719220702
2639584888
2751540919
2558739631
2749282539
2655978582
2722567162
2727061361
2666688605
2581497197
2602474844
2752017953
2655215045
2683981786
2906206904
2733861888
2697882577
2682753648
2646335769
2630779572
2563985765
2610334653
2663785439
2749655562
2629238081
2923284042
2588526026
2748312276
2922238597
2750490633
2726308449
2715762567
2696785364
2683488144
2714976333
2543124559
2749416225
2751388770
2746610234
2632084034
2723229650
2662283931
2723817355
2719213448
2697262559
2656569984
2750353119
2925827401
2726545266
2750903169
2665636744
2747275055
2663384529
2658968927
2698773703
2673267682
2632735484
2610721279
2632927735
2748344860
2663766318
2674548638
2687475831
2749851127
2693802737
2673116403
2601247486
2684202088
2749765444
2589764402
2726093427
2749392532
2674985085
2750772444
2545461515
2870441208
2748699014
2751227978
2750242778
2665913299
2699193787
2559868345
2746953893
2748320641
2646430800
2751989352
2749974752
2559876170
2903309500
2718794802
2750957942
2694080553
2555842884
2672890136
2543816317
2559907605
2645847732
2847553093
2696537572
2545430262
2701748020
2869425351
2750791073
2751269899
2748151826
2653071221
2658955594
2659966097
2585966298
2592606931
2733879050
2877569783
2541647854
2750514396
2672296820
2900952236
2633362542
2683482868
2748823176
2749612704
2747633113
2673965802
2719346305
2696988475
2655961635
2541716338
2670035086
2659624215
2569740710
2575901859
2746502399
2665800618
2877932149
2674622686
2696969607
2664708125
2704012662
2677865007
2922278471
2750662195
2747256473
2641142320
2719539748
2659437167
2543763202
2751327080
2733851131
2897290073
2548883747
2669281407
2687278132
2751422513
2720527046
2913110828
2519296061
2672605665
2666964806
2750098599
2531239087
2580110218
2657419866
2582349320
2651591269
2721056605
2641127392
2673970459
2747126747
2548941033
2896427685
2750888413
2555255149
2747270299
2749798726
2715795299
2545410469
2714310414
2720016375
2720020888
2722595337
2743332134
2629340082
2700016776
2610689170
2651632872
2746567233
2620591504
2601322584
2722571669
2807336963
2648656130
2545448156
2812813246
2610792634
2518845599
2669666567
2674182612
2695804118
2665521495
2750485818
2685350655
2748852033
2726090252
650490451
2917389696
2601346694
2629225338
2750776785
2692964590
643360358
2520274617
2520854080
2749984160
2714862281
2748296659
2662298883
2748257855
2684909575
2570349792
2748910601
2541590707
2667384193
2749215848
2750878501
2601464532
2874321003
2742974760
2632982019
2748407141
2715866480
2746261211
2749019441
2749707978
2706441708
2663018081
2875252176
2687839585
2745030684
2588809072
2925521487
2922228227
2751713720
2922254018
2748233521
2660390793
2859251901
2559826239
2683526816
2602447169
2559920565
2678253915
2669906222
2548947237
2631286948
2861020482
2720355278
2657868696
2670300709
2684895341
2726610140
2747680772
2746529148
2696291237
2571669434
2905146681
2750542790
2729404247
2689107988
2751693835
2678470785
2677767391
2687604999
2720418900
2670799075
2703357825
2751403946
2751922050
2533294964
2663918216
2664853905
2669070504
2657611763
2715810757
2675405363
2631837866
2922216900
2752105111
2712343175
2707514190
2742805823
2719079594
2877538945
2872660251
2649774483
2589747837
2718769463
2583928906
2860611193
2610812971
2726210774
2748378792
2694200599
2647162209
2576499337
2543919393
2747752986
2633668701
2825491468
2664621556
2718970340
2588864281
2750767691
2748964788
2610672831
2637781461
2749965061
2628897740
2747117682
2721444257
2543114502
2722580680
2576185945
2747035223
2721669207
2559846229
2726352648
2749817874
2747207918
2751445709
2633372502
2665077490
2703312911
2871646989
2577142005
2722653378
2699914495
2693514737
2751488986
2746939140
2747064625
2723319500
2880040530
2667180213
2750142202
2747341899
2602018570
2749827511
2611697797
2682997695
2559801540
2750147111
2825520060
2878873699
2670826626
2610863813
2903330142
2751337194
2665126780
2715800717
2564746531
2922294776
2750873498
2581070985
2631261571
2666014142
2896831416
2744760903
2719432311
2743367201
2538052246
2747131377
2774944789
2825496635
2747356194
2880001459
2876519904
2747422862
2748402552
2758377279
2657702734
2582483405
2699793475
2746113109
2719225206
2722657884
2529897624
2511714510
2574944677
2678233050
2746581576
2907915985
2924904097
2576907939
2907907297
2751493473
2647362415
2659031279
2545451349
2715813246
2748291841
2748133275
2752042120
2550980810
2599409929
638787621
2664769816
2610550491
2670727069
2860619139
2752071386
2588866376
2670874739
2619607076
2723821911
2750161705
2748689097
2750305153
2659216079
2724751513
2541667579
2561347792
2566184530
2569313941
2747045096
2742936099
2874335602
2747590011
2641268076
2664626259
2779246645
2694054989
2747212683
2748334961
2692576594
2662015609
2751350839
2747806385
2746595959
2572458773
2601296529
2749363635
2742970672
2861025439
2699077015
2620600432
2674495040
2749373319
2567042220
2636931977
2661797562
2646123096
2648706058
2938795962
2570247275
2693816264
2938124714
2938176371
2939073218
2939098516
2939530610
2966027522
2962170895
2962189390
2962571206
2958300605
2958343710
2962127230
2962136328
2962138243
2962586836
2962601561
2634015719
2685249536
2969433941
2969438980
2969473728
2906136283
2747609108
2661114648
2749955709
2744594784
2748717341
2661201220
2633466269
2917360374
2663174784
2749669881
2571715788
2574101929
2665839977
2747088732
2677448406
2751633688
2601277745
2629928086
2859247621
2670815393
2742980939
2662886922
2750997724
2750194985
2874330000
2664586358
2748340025
2924910024
2714859143
2630857284
2637525153
2748780024
2747001720
2747082156
2703282052
2577441354
2715846821
2573623976
2664832182
2751643742
2900991598
2686936110
2543150410
2880037609
2540544287
2751728770
2891966807
2825473264
2703430193
2674516067
2730258133
2674255523
2747384787
2610881051
2748451004
2589874466
643236538
2715377318
2776706645
2635554356
2618898419
2752032345
2601373440
2723905271
2577246077
2610390779
2701718258
2751272934
2665566735
2520364010
2661458844
2545490382
2748660593
2579882054
2655319145
2751723620
2747465770
2750017516
2747083985
2666809051
2641007134
2718764950
642126682
2726508876
2732493355
2723918227
2559837226
2749401974
2695912411
2726318084
2925822458
2692401317
2678890812
2779235600
2601163642
2750409797
2667286364
2750079313
2749315809
2751302757
2589816095
2655867291
2747380102
2663273837
2751565083
2869883793
2546387365
2746519365
2662188741
2707651582
2641457115
2645972984
2726406588
2906179604
2749230035
2743362608
2903332679
2534332796
2565300634
2519701676
2748478969
2751531313
2647135188
2577483871
2843972010
2825481313
2751984510
2852245725
2872436042
2531656425
2747193425
2674266606
2749751023
2602257267
2750571300
2896817620
2720007157
2749841662
2573157175
641879239
2664713067
2589844435
2851010287
2618381673
2539007162
2742918027
2693788361
2747437093
2751960563
2666932126
2714981395
2707166842
2581709694
2656083473
2859273790
2650110315
2659743871
2804610703
2638013442
2660571557
2670373483
2748555823
2678575007
2610846998
2601220451
2570194804
2637206872
2750528643
2638288671
2672192727
2642031354
2665407509
2779230473
2569930594
2749029368
2632447174
2662617049
2875276329
2726367388
2746248414
2675807078
2909228181
2850584407
2751208362
2637566132
2547205353
2559851217
2601191441
2750171342
2669287376
2748137491
2722736008
2658004630
2635836582
2673285508
2888695558
2610566184
2601415985
2742797648
2601663404
2610475519
2610665720
2665064133
2543601355
2674835284
2750724140
2667017992
2664501767
2750839732
2907860097
2669780909
2601204624
2779210185
2719533868
2748935428
2659129538
2592528491
2559934446
2746591150
2752100225
2720930862
2875219167
2559142056
2746562467
2670481043
2543725574
2610579041
2726081496
2661661919
2649233818
2721222160
2610496587
2860403801
2695995136
2535869852
2750156727
2749009372
2689410881
2860574216
2703225285
2750753433
2746996992
2612536756
2726193503
2928856650
2751828642
2748306304
2660691249
2720350773
2695777499
2750199607
2569336576
2916191837
2749979372
2697130427
2539003830
2703276413
2750948119
2874295664
2559821180
2718954149
2751998987
2663931897
2704002804
2751355775
2719545004
2672513280
2742896371
2722754023
2631759354
2588564159
2871680606
2720011746
2640737632
2749368390
2657917023
2703996173
2583990039
2648642775
2601705822
2675725711
2662705162
2841707581
2747187653
2749941215
2880336775
2571155157
2663053108
2652944145
2749267985
2877577940
2683515183
2601180161
2703412713
2718800132
2675043652
2748272503
2748608471
2699446476
2571357123
2733857425
2620586977
2663962126
2751794088
2666149177
2748483736
2678312340
2538618897
2664934749
2749674628
2743355901
2702215648
2715721719
2663407452
2568734531
2611850742
2750604781
2748817943
2619410342
2661423832
2747565924
2597995789
2673135938
2647628467
2930922940
2668982530
2659056162
2543753705
2546411842
2662411299
2657645595
2748703794
2746867416
2750533382
2748812929
2751809325
2550926024
2720830521
2693674274
2651294617
2601409521
2749272753
2696083952
2810861332
2675887384
2543657126
2665301038
2747739090
2730263254
2714385674
2662916744
2719550944
641321501
2723341958
2751974901
2748847126
2749182353
2751804294
2749263310
2533388467
2726206433
2779239712
2696565551
2750362187
2726539142
2683030220
2601422761
2662125953
2747743648
2749889718
2750031777
2670406383
2610395002
2747227037
2678536077
2678274814
2702218521
2611109841
2563128313
2669784962
2723923842
2658215605
2565774844
2726411379
2658915484
2688569233
2750261906
2637807981
2675232443
2610627969
2602383659
2610523564
2923257784
2774792808
2536107692
2588545729
2721213960
2726514555
2665985948
2851042109
2664864020
2876511775
2719341800
2749004429
2660330287
2903376361
2568829106
2733837533
2543830259
2645838405
2722943340
2747236451
2553446038
2916252186
2859275072
2674862826
2687743967
2581502072
2665105085
2664755621
2742985233
2779221388
2673120207
2744425512
2610769555
2640724882
2750128017
2675608150
2659883823
2749512037
2750419232
2601658712
642776374
2872665124
2692519203
2750213968
2578367503
2750166442
2520759205
2601291390
2691981185
2536102191
2692314078
2860590834
2707689765
2750027030
2573764299
2750638176
2693849005
2583243606
2908841704
2697374484
2720716734
2748512818
2748565887
2749473827
2520820210
2588903583
2922811982
2878910952
2667146183
2538084446
2750595205
2704016616
2671037561
2682818179
2723258043
2749430671
2747122418
2747551546
2750853899
2747327664
2851020524
2718621625
2719330186
2635888082
2851461810
2652559370
2748527045
2749784511
2541622400
2751753700
2543733161
2751451216
2692944229
2707355379
2750084039
2703384879
2703955227
2747585146
2719204428
2669028034
2674300555
2667122778
2749464107
2748751098
2742662939
2751375309
641876718
2746934319
2656072742
2720808923
2905054888
2673293105
2703290114
2662504987
2571555605
2747346761
2726171193
2543833999
2640710123
2612315089
2906126283
2656029303
2535169241
2748940439
2695918694
2749626932
2843975432
2655860016
2664549620
2750538563
2588776008
2843274747
2696060264
2909208791
2674578935
2612364147
2872449760
2641077598
2724164843
642742455
2747318259
2750405050
2897301845
2746987114
2743337474
2683076464
2719920962
2663482225
2750937898
2598542861
2749344426
2851004038
2749144394
2750452602
2837473285
2694307591
2938757784
2938763276
2582261147
2747504290
2937759979
2938149716
2938168753
2938184229
2938211519
2965679918
2966067642
2958338645
2962121612
2958315511
2962110436
2962177554
2962611297
