gene	pduP
2969433950
2969438989
2610434914
2969024329
2969030222
2969075038
2969080550
2969414370
2915864745
2661201229
2685249527
2749111051
2749593396
2751946832
2703398688
2666693838
2748808065
2872674975
2720876613
2650853743
2775347693
2747039998
2610327504
2658036797
2610402239
2601277754
2748995005
2703282061
2697033073
2813004019
2723197346
2682744625
2749969736
2750805376
2537930388
2563728323
2636667419
2665645691
2683727373
2896422618
2888688649
2633306452
2689103232
2674021100
2720949021
2611013389
2825476321
2749860656
2924922465
2751728778
2825529479
2723481660
2520367101
2724780692
2610606601
2747217455
2694461446
2747475361
2543623669
2619273264
2674516058
2569091536
2619460017
2543572511
2535477460
2707157300
2555957401
2601311531
2610595533
2567211220
2749813052
2751628504
2747782589
2662622764
2712655204
2632242544
2749330055
2577246086
2746901093
2581867398
2701718249
2916196539
2743007252
2825486568
2793864017
2749440434
2747772285
2532884620
2749908158
2896812379
2742954280
2908554115
2647883432
651063914
2747083977
2569018068
2610373917
2851449325
2747054790
2716408843
2600616348
2692223962
2658190551
2656022642
2876540503
638781113
2678890821
2601156575
2602474835
2655867282
2750868517
2707651574
2726148231
2742554217
2696789372
2611786480
2645972975
2707613119
2663119946
2925486176
2751965284
2751188087
2750695604
2749655570
2903332670
2577365674
2630779563
2582199687
2610430971
2751516828
2751994056
2906190437
2583959919
2662233905
2688014034
2749158716
2665720486
2670226150
2748312268
2750490641
2683715554
2750223542
2896817629
2665588961
2676408307
2917355190
2631829646
2696134540
2630542125
2749841654
2751307638
2648774960
2566496025
2749153960
2877915339
2658968918
2752037257
2678110866
2519386217
2747365704
2577063433
2543156018
2662292210
2655636478
2716223571
2641748168
2718609401
2793871458
2749794002
2670521391
2685240941
2747575501
2674985094
2665407500
2779230464
2579370038
2647874934
2610954473
2726367396
2746248422
2698666452
2750917975
2646430790
2747537112
2875245684
2850584416
2610566193
2576694272
2543928269
2543852906
2688448962
2697937502
2658004621
2661751740
2543601346
2750724132
2813332360
2750839740
2641843162
2726126450
2748151834
2748935420
2752100233
2747188908
2812998254
2636639603
2661675711
2909233198
2664511629
2720140218
2641283292
2674488655
2674560452
2750357502
2703987833
2912042374
2695995127
2726086306
2721194513
2600612219
2744299256
2719696592
2638146147
2646631302
2589829516
2928856659
2664708134
2750681222
2825505965
2549021541
2701772327
2747489580
2726178634
2749979380
2747470523
2678096060
2733851122
2751297959
2589881353
2669281416
2875660253
2562435391
2912556599
2751593983
2520410218
2751422505
2748886777
2751312629
2749039160
2671024335
2913110837
2720126530
2720296137
2748194813
2645806230
2675058354
2726270032
2750438339
2706436370
2543646189
2748646898
2695945008
2714310405
2592507172
637601094
2749368382
2669864022
2633577263
2876527724
2925858978
2746472518
2641322804
2751648717
2747187661
2750510670
2749749560
2748866717
2747332486
2750390786
2543812089
2656019688
2588531647
2569169246
2692363186
2751242951
2685350663
2573086229
2745937129
2726201459
2601180152
2703412704
2699446485
2703392078
2748469592
2648606195
2870436282
2733857416
2640992217
2750776793
2699167324
2749425895
2751678885
2751887768
2813055397
2750238054
2747265584
2630547856
2875655530
2621201967
643360365
2577983340
2648989874
2689374594
2576426012
2572117652
2568734522
2543801137
2748793454
2707734399
2750878509
2930922931
2707632576
2609964071
2916218260
2748915674
2749397223
2748665347
2549813556
2749019449
2860989951
2666991563
2543680056
2750069824
2677289807
2589849902
2581575526
2588791469
2660541951
2693674265
2663018072
2683089452
2751713728
2697960551
2749253767
2751436545
2730263245
2554849029
2606049238
2610377713
2886095434
2719550935
2880321773
2669906231
2898881458
2901721261
2590658228
2861020473
2601369411
2655508266
2588840835
2746529156
2701732944
2601434951
2661713822
2703368708
2726206424
2749196641
2751284153
2660495266
2675352234
2610829727
2880029833
2588893177
2719723200
2746207289
2733822902
2610395011
2747227045
2656087403
2663918207
2847585662
2733826327
2520860622
2751192998
2543588829
2707514747
2747179341
2672981445
2543666691
2851930002
2601438813
2583929141
2569454336
2666405474
2748769637
2583827194
2748531852
2749087150
2715841326
2602262712
2610523573
2907894770
2656009589
2751417716
2750619049
2749239530
2647162200
2912081952
2748670107
2825491477
2636503164
2672671100
2567219348
2633668692
2610672840
2749555127
2900986080
2747074323
2554860435
2678651600
2649310732
2750642946
2747499094
2666631831
2888698698
2793901641
2666162346
2703312920
2751469415
2640724891
2747203171
2747064633
2750128009
2543838504
2589756542
2749512045
2750419224
2751488994
2575267999
2662510667
2602018579
2582378204
2692519212
2663100447
2663451562
2559982266
2505089562
2742940280
2670826617
2602935092
2877546888
2559633263
2633194956
2601186670
2661632813
2697374475
2698999316
2666014151
2896790865
2720716725
2877561592
2743367192
2896831407
2747131369
2778915002
2851029718
2876519895
2573104007
2719432302
2697450921
2707353670
2748881459
2723258034
2825539529
2657702743
2907835774
2749421155
2701762658
643363767
2749301498
2730928610
2703334410
2610962868
2692781017
2750853891
2648257838
2670294571
2743521872
2541622409
2746581584
2529897615
2906145215
2750599924
2642071727
2703384888
2726397126
2746243232
2541682669
2660615139
2813562979
2750763005
2747757860
2748689089
2880352698
2726297805
2559841709
2564313151
2675091097
641876709
2748460071
2665099583
2749092024
2573695310
2747241609
2879990782
2661819338
2589834350
2641268085
2612315080
2531271842
2722934263
2538067381
2656029294
2647478693
2543684320
2750538571
2749096867
2749139640
2707747908
2750786364
2565091132
2789790241
2742667776
2618893829
2878886114
2707370122
2723555627
2851004047
2603838775
2697241759
651247297
2923279636
2691412231
2965665636
2938211510
2938768410
2938773899
2965619551
2962184250
2958348122
2962136337
2962155529
2962175133
2962601570
2962759019
2969045595
2917350202
2610501987
2751007932
2969091174
2969453897
2657546966
2747594779
2606176647
2742875904
2751248485
2745120228
2670933593
2750824390
2749955717
2570026869
2746896323
2747796742
2601643590
2926048141
2721199019
2554874231
2576628735
2541726105
2662886931
2672295296
2665839986
2750233085
2703968084
2748166111
2751560337
2747303671
2632101385
2912546689
2778799833
2746982470
2601228492
2747309140
2752046910
2748780032
2747001712
2573417614
2748340017
2720121967
2690798660
2825533450
2610777927
2601157965
2715846812
2630707314
2720131042
2825502571
2570735903
2751843181
2748522252
2651769332
2891966816
2749936554
2703430202
2748229273
2673795023
2694352120
2751778683
2730258124
2641777649
2749449940
2900950524
2748984637
2610881060
2610486641
2670431686
2877910218
2657809396
2909224101
2749727000
2749134933
2635554347
2520752357
2720334472
2589874475
2752032353
2851456936
2610842472
2641156626
2749034434
2847558896
2575179022
2851466295
2543145534
2742788518
2618375889
2661458853
2750414553
2579882045
2555948724
2751618854
2749024781
2621264056
2674847908
2877574926
2563107200
2660246238
2749912900
2751198077
2748253269
2547835838
2674218384
2641007125
2673626913
2748498147
2659234086
2559837235
2751838265
2569271592
2749401966
2661088589
2751365334
2672489035
2589816086
2917345004
2746944821
2751279704
2909193638
2690837429
2647028642
2880326784
2721065613
2922800244
2749454607
2751565075
2602494293
2900997186
2565080328
2655978573
2877899782
2641457106
2906179613
2546387374
2735015183
2901733310
2580052676
2743362599
2610334662
2747485278
2666438191
2748267718
2646335760
2663785430
2565300625
2633166259
2722749509
2747193433
2751763849
2749693651
2749751031
2602257258
2742901744
2573157184
2692628810
2875240510
2592513950
2559903194
2751502767
2876537174
2750922958
2715768744
2875666928
2632084043
2723817346
2694041488
2707696597
2569966008
2714981403
2751760085
2539007153
2663384520
2659012017
2750447845
2659743880
2719282671
2744054610
2804610712
2750266679
2792753506
2912049154
2674548646
2896785221
2751569991
2749029360
2719685885
2693802728
2598254699
2658081741
2748745670
2546398704
2665820419
2661409159
2750528651
2538629695
2543779690
2633937097
2559807374
2721190008
2905123591
2750176013
2875261268
2793875049
2559811590
2559851208
2747762622
2669287385
2748137483
2543136454
2657741954
2610683554
2651027013
2859263316
2714971314
2662096729
2670135381
2847553102
2655995734
2696537563
2512022398
2683061433
2660875935
2536095362
2670481052
2659129529
2750700775
2723895963
2592528500
2719533859
2550967043
2559934455
2570624815
2749077654
2714866815
2704058880
2701743011
2719270259
2672296812
2727160340
2693765143
2535869861
2748617925
2580144360
2749583919
2580019653
2559974886
2673965793
2631590103
2748925837
2860574207
2638263326
2514284447
2878904671
2590327009
2656489714
2746996984
2747260820
2901751399
2720350764
2704012671
2667078848
646245507
2922845824
2751498091
2726377377
2897290063
2539003839
2715806484
2672825121
2633315217
2748803199
2874295655
2641379510
2751292576
2673970468
2751998995
2660395149
2657961770
2665233918
2683707808
2751613869
2696032142
2580110227
2897305768
2573348563
2548941024
2912036842
2751512290
2901681316
2878047277
2749798734
2715795308
2743332143
2659788779
2700016767
2748354542
2673364475
2635510065
2578647586
2692388848
2774906364
2742811779
2677774185
2569658235
2663805717
2633245590
2747527717
2580373145
2726107101
2610536392
2778927820
2669292166
2664504279
2751545790
2684078886
2716392874
2669941721
2723213249
2749622763
2748272495
2674234318
2601141611
2580099467
2665521486
2703330669
2664566107
2748608463
2601129267
2682823196
2712524284
2747719256
2743355910
2696718806
2696252005
2520854071
2580906884
2638021717
2629924995
2580063222
2663407443
2662298875
2749215840
2570855701
2903367337
2543753696
2726298946
2917365645
2703242353
2633723540
2750590919
2715866489
2668811416
2611118165
2730237265
2696466923
2670578317
2750657396
2720737025
2692340447
2750462028
2748436178
2592602779
2684809249
2722745005
2747020769
2575955145
2683311948
2748233529
2658164712
2749120650
2748693781
2715834362
2913103137
2897325079
2588801343
2685345675
2695675465
2588854490
2922817213
2656487827
2875645803
2535768755
2723341949
2641499114
2678072586
2903327076
2750542782
2876529014
2720926349
2696565542
2746881942
2750758198
2550312900
2691400317
2533382949
2749106393
2747432423
2588885915
2649725064
2677767379
2537778388
2675405372
2747743656
2601422752
2641190118
2749889726
2682856059
2670731308
2908956059
2657611754
2678536086
2603854002
2543849248
2750324129
2632314992
2592490723
2751970122
2534800022
2922216891
2563128304
640914751
2742805813
2658215597
2541638670
2730076660
2565774853
2749320474
2896806025
2722740506
2925461028
2719079585
2692206536
2726210783
2573871339
2923257775
2656015257
2662600766
2576499346
2726213009
2751814070
2554833667
2539796108
2662912019
2725177042
2747690226
2660330296
2715862347
2675502208
2693828793
2876511766
2520763503
2751608798
2723618282
2749965069
2638100089
2569745383
2749894128
2726153403
2749411542
2747661737
2726114342
2696499316
2722943331
2907871231
2667022060
2611700686
2749817882
2859275063
2610559967
2541703519
2722580671
2655078659
2665077499
2687743958
2825462493
2723319509
2657417399
2664755612
2651835752
2545961423
2727170586
2697546347
2667257366
2756787372
2611697806
2825520069
2682997686
2726337617
2661470988
2872665115
2696560607
2578367512
2877935276
2703323676
2750027022
2661386187
2688872917
2715975785
2697846516
2749125344
2860590825
2749550383
2724854612
2558641332
2581237872
2693849014
2749703207
2636565220
2581070976
2748857016
2543691263
2589807230
2538052237
2922811973
2543668582
2849913087
2750719465
2639442138
2628995191
2678268038
2748594088
2747422854
2670264644
2749574194
2720556414
2715783375
2751521810
2672396980
2670142781
2694089273
2747327656
2720364281
2583812429
2574944686
2748455390
2907915994
2896820073
2825466370
2751753708
2692944238
2751493481
2601304188
2637352227
2642245453
2748291833
2748133283
2539801990
2669153361
2667271099
2877922295
2701789597
2668487472
2664783263
2699018705
2588866367
2618536970
2674300546
2742662931
2619607067
2670344548
2667122769
2664739778
2650088470
2749789181
2662805632
2560002000
2750908504
2673199352
2724859267
2747456256
2701784756
2579939089
2610512645
2747370460
2747098105
2677994950
2730058202
2568783310
2905135533
2750428741
2903351882
2746595967
2554265772
2601296520
2719350800
2750338388
2720423395
2726395612
2721498081
2906152337
2793924067
2598542852
2687659546
2747313302
2664525479
2663482216
2860602287
2567042229
2723346454
2582261156
2572929784
2693871577
2938144299
2965689183
2938168762
2938181120
2939105836
2939549930
2965613779
2965646331
2966066483
2962164923
2962561431
2749049037
2667392170
2969047076
2969448782
2610633106
2637481110
2659697464
2611867960
2712313717
2659979395
2663174793
2908545692
2747494254
2571723927
2686719140
2565310991
2660611100
2747088724
2726198316
2750151963
2748474267
2750883490
2689159506
2784246618
2569105296
2924983005
2669122736
2707360124
2722929759
2824553167
2747082164
2541630347
2694340304
2664832191
2657566439
2641504627
2573623985
2720881120
2664946268
2750443093
2646744295
2748142314
2747652174
2703987004
2673999210
2683732275
2543150419
2719308917
2692870561
2674905152
2694121401
2631685311
2749497752
2749712818
2688548794
2650054361
2665171385
2601740624
2696463660
2748450996
2552941665
2726551978
2748713266
2715377327
2748445858
2903371707
2917318731
2925515633
2672989305
2704049825
2852368723
2916622824
2723905262
2657665475
2726146313
2749989144
2749755854
2620643790
2751233336
2748760055
2543764281
2726123627
2601381153
2748551445
2719301546
2907848826
2632977088
2655954942
2747222285
2750290672
2674877289
2712528386
2563133232
2601751561
2695912420
2601163651
2655843245
2750409805
2750366922
2663273846
2694538223
2581497206
2748384051
2725210978
2719107457
2714873208
2564755411
2520264676
2674048254
2869883802
2666918181
2588929590
2559628918
2917385665
2733861879
2747685470
2750962864
2592501620
2750801119
2668471743
2728374558
2543913732
2580327201
2751833419
2750738492
2601354836
2843972001
2707581763
2726323005
2748827573
2670155140
2611732304
2747413319
2550756231
2746915336
2545433590
2750810246
2872436033
2750571292
2877894465
2758387495
2601134731
2673918009
2714976325
2589844444
2545966865
2807473997
2660271701
2747728755
2751708593
2925827392
2795916392
2670114404
2880316816
2751960555
2726545257
2610721288
2750903161
2747275063
2610958793
2859273781
2673267673
2588925050
2733842420
2529797458
2601220442
2874306307
2637206882
2909188676
2657446090
2656000244
2904516800
2697801296
2665134179
2748636948
2749258506
2541624758
2750333625
2632447165
2665561374
2750772436
2601334819
2664610584
2545404745
2748699006
2665344911
2675807087
2751208354
2746953885
2686871150
2559876162
2875676092
2909228190
2685340677
2656056565
2533314004
2750957950
2655832690
2671215718
2601415976
2540420066
2749998419
2742797639
2665064142
2601663413
2610475528
2543816326
2538607578
2748589141
2888325221
2688342774
2546408356
2538624176
2655675019
2543725565
2610579050
2751698531
2719441315
2750728998
2750748063
2583832119
2723312100
2610800576
2630150280
2682428582
2722673725
2733879041
2875219158
2569427549
2906129219
2707617909
2721429306
2610496596
2655966147
2878889213
2746857958
2749009364
2747633121
2689410872
2719346296
2684198267
2726182477
2612536747
2600625414
2519307025
2649941597
2748832560
2660691239
2747174677
2672601786
2669877553
2849907888
2649013712
2746502390
2750103390
2750927870
2688127292
2707622659
2751658796
2530309538
2631771158
2724022192
2543882151
2720527037
2657900631
2678035791
2742632454
2750060343
2555255140
2661782408
2646961127
2746905853
2545410478
2631759345
2635848114
2601221840
2746910507
2746920543
2751703725
2750566621
2879996426
2900967287
2812813255
2601696704
2880336766
2869456061
2661189808
2813567485
2668639181
2877550874
2730063129
2793907255
2729407158
2718800123
2880027123
2720409883
2751794096
2649319953
2667323780
2629225347
2916207408
2646253038
2649004036
2669569062
2666149186
2748483728
2537925382
2917389687
2545455883
2661351349
2664671747
2702210185
2748171017
2611850751
2749984152
2619410351
2714964889
2687612877
2751331839
2663115063
2870231906
2748910593
2654825016
2748277250
2751460760
2668654874
2536108599
2719425208
2745428140
2748407149
2661704281
2696029558
2723328433
2662411290
2748812937
2750533390
2746261220
2749272745
2749723310
2670186289
2670214520
2559826248
637640946
2875252167
2917382780
2541673335
2825515423
2751483792
2747739082
2541613244
2751317444
2924886926
2660390784
2530585209
2657694059
2565310193
2751883082
2748325348
2726610131
2658109973
2742993385
2715852273
2718907577
2749082515
2724148310
2720002599
2533388476
2610924273
2707547744
2751693843
2640461913
2610611951
2543609653
2693648201
2559927332
2721343994
2715810766
2649063789
2601418567
2678723721
2559998293
2650781190
2742906930
2631837857
2687976655
2719276107
2538636927
2726289289
2669784971
2724138433
2742685804
2647004815
2707646865
2726139084
2909243538
2688569224
2601450498
2649774474
2751638689
2571361837
2746229047
2637807990
2601388649
2719246453
2588862455
2633208432
2637967145
2716399387
2907812747
2581383594
2748579711
2538614808
2749808366
2779223665
2714991155
2715822968
2683112627
2749325884
2586374502
2646909281
2903322201
2665745550
2751412495
2655305598
2748906486
2748964780
2610337820
2747752994
2751550498
2664621547
2712380232
2520354903
2723234145
2568829115
2628897731
2685229648
642770827
2897320256
2543114511
2606146921
2531855612
2674862835
2673120217
2723634086
2791499503
2751950898
2590340592
2659883814
2610905725
2562968340
2612153551
2922850950
2725726580
2663955114
2722834316
2563124761
2684905073
2691792043
651164764
2559978120
2610863822
2750166451
2748286948
2750576079
2652499129
2659548905
2742962212
2649578030
2750012850
2750638168
2555639867
2669654827
2529914253
2641399868
2747140853
2573665572
2670633397
2641717142
2610425394
2673723295
2657652521
2588903592
2547216961
2748565879
2535805428
2751464521
2583779335
2749044653
2725713458
2752003643
2714395616
2581065035
2744760912
2749130126
2878910943
2733834040
2703236374
2673522652
2580479534
2749488241
2559944974
2748402544
2693601245
2793896331
2638362594
2610780447
2752061480
2633199682
2674472716
2750733789
2851020533
2749784519
2746891516
2718621616
2652559379
2746113118
2852489128
2748527037
2909214052
2601360441
2543733152
2749277631
2722657875
2719330177
2559314561
2582468774
2751902783
2647362406
2670023591
2752042128
2922308490
2550980802
2703955236
2633402009
2610550500
2601138066
2748359296
2751213971
2786888499
2687944382
2535165700
2672901471
2657906262
2673293096
2723821902
2749836927
2877924426
2690775424
2924957084
2742884462
2666557436
2550974172
2747427592
2746543471
2721140549
642164632
2533303008
2748393094
2543837913
2640710114
2851443998
2666737896
2650126401
2880347017
2669581527
2861000656
2655860025
2747806393
2843274756
2696060255
2749884538
2520830778
2748599070
2655838731
2707671118
2721226714
2588908395
2897301836
2640916516
2749846400
2540707760
2813574631
2661788644
2610899359
2749144386
2750452610
2747289485
2559641787
2573843905
2719514022
2694307582
2747284624
2965691301
2966030968
2966035005
2938125943
2938176380
2939068181
2939113727
2939553731
2965674488
2965697915
2966059113
2958300596
2962121603
2962170886
2962544594
2962611288
2969067108
2969468946
2715486321
2702234866
2707707792
2748426719
2901739102
2601200888
2535473175
2877904930
2663160895
2750849136
2688573554
651550378
2634015710
2744594793
2687753477
2774003836
2925832991
2574101921
2603843965
2720754809
2545467504
2702240105
2749741617
2601731380
2750942915
2651270278
2742845896
2875229807
2669342193
2750424067
2748330106
2668742774
2562471650
2664473712
2751257831
2675585304
2688754063
2658997106
2589779557
2729437380
2601338906
2610970080
2589870937
2721208149
2637100017
2751643734
2900991589
2675105933
2675602309
2570508256
2721061103
2698868997
2552262247
2642115360
2909203872
2748161456
2541734508
2698859992
2674255514
2559791674
2601392631
2750912982
2748503274
2543119768
2592496405
2751379252
2606070504
2682842434
2653088572
2652988867
2690745989
2657935566
2724769122
2665199278
2720302007
2660510502
2550921657
2732824883
2751272926
2925478871
2545490391
2655343038
2748660585
642126691
2583660203
2877555727
2730917893
2610367619
2533399944
2722819840
2641203977
2906203159
2520780563
2655852676
2597999249
2520420553
2658936885
2697394846
2610648541
2751398490
2723918236
2647037692
2718764941
2747447021
2747704756
2697182039
2657951328
2558739640
2570648032
2655981773
2611740053
2666688614
2651747092
2659942405
2746924726
2638688990
2751783792
2917325704
2746519373
2569719541
2777019834
2722567153
2718960704
2697881518
2543129397
2751531305
2752008452
2812861590
2538082712
2715716920
2647135179
2748507992
2533766785
2861031484
2674266598
2906170783
2657539947
2566178689
2720007148
641879248
2746610242
2748721983
2670670609
2880018290
2751917267
2749406791
2851010278
2707348383
2662283922
2719836094
2699528134
2632735493
2707166851
2650110306
2742918018
2742792216
2698773694
2925471716
2925873999
2618878799
2774913851
2581089768
2907818963
2636545656
2673116412
2872670407
2750968322
2749210944
2672192736
2748871389
2730870673
2678326492
2539119718
2748684330
2922873900
2559637538
2901698524
2678188627
2545461524
2697912210
2541584933
2748651168
2747408574
2601191450
2750171350
2746972988
2847569883
2901706103
2748541984
2751743407
2722735999
2722585180
2636971554
2633967833
2657943578
2861037599
2569491028
2903309491
2652707718
2701748029
2690917753
2674835275
2648101396
2750547507
2749917647
2666818998
2723914468
2748219168
2659966106
2653071212
2649713261
2537029344
2746591142
2592606940
2730924863
2750433593
2586135991
2924960180
2592521558
2726081505
2633517275
2898875122
2749483268
2661393445
2582038412
2925513089
2720359776
2751907771
642170009
2726163758
2569336585
2916185607
2696969616
2589475717
2751431640
2749297290
2533761695
2684898067
2543763211
643729781
2641142311
2610942303
2559913413
2610858102
2558581806
2678699838
2748147066
2691308183
2519380023
2668800679
2660286405
2750948111
2922248722
2912072899
2707493900
2750557057
2749545514
2638403047
2550849240
2726563490
2750098591
2664629071
2531239096
2582349311
2747112511
2694292707
2748431521
2880331631
2813225043
2750888405
2715857951
2721056596
2726387288
2847567605
2677422696
2659420114
2747556931
2875223289
2722754014
2651632881
2610689179
2657917014
2569870400
2610507666
2692787669
2655523403
2742996995
2746567241
2751848245
2720551867
2720020879
2675725721
2720011737
2912067504
2749855890
2870461627
2669391986
2569549645
2545448165
2703341623
2620695702
2742930266
2749941207
2662705153
2571155166
2667102428
2750004118
2610792643
2588857526
2707161460
2601736392
2633789344
2518845608
2807336954
2725859377
2747546807
2729412408
2747160396
2749378145
2925507536
2650776339
2678312331
2750585672
2664934758
2531243056
2589813182
2611811506
2726103086
2750844235
2696737769
2536627156
2689283994
2722980904
2697720115
2684909584
2597995798
2673135947
2590331753
2570349801
2659708449
2667384202
2601265541
2601195035
2631290234
2748613257
2668982521
2691799522
2723181963
2749014372
2682827802
2610355421
2747136265
2647444039
2663339728
2744611499
2657645586
2925521478
2750471543
2706441699
2718638607
2748397860
2900958400
2632888536
2659804545
2682678370
2678253924
641857523
2665205630
2602446519
2693216649
2664797759
2548947246
2859251892
2631286939
2906157895
2751974893
2683977067
2747451606
2849902485
2751804302
2905146672
2690733920
2923274399
2729404238
2779239703
2749445070
2668713260
2678470794
2520831952
2707661562
2750834241
2674888450
2520268257
2916234960
2751403938
2656721029
2648676453
2851427220
2748945241
2559893901
2662125962
2655847877
2718617110
2580532906
2538602824
2751604079
2716229923
2712650280
2669719112
2653007920
2573983030
2726411371
2825524741
2749507068
2648685875
2719702003
2749960233
2638106904
2750247459
2610945826
2907899817
2721686087
2662112552
2718769454
2572081581
2749339603
2673947858
2880356788
2923262615
2664864011
2750614267
2674377704
2750767683
2703230678
2870245873
2645838396
2726352656
2721444248
2747207926
2654849947
2683024201
2545398088
2748224452
2758400348
2751445717
2749931757
2539015030
2722653369
2590337065
2674670667
2699327874
2541599988
2651608915
2901745770
2813204276
2647958853
2748209612
2668650528
2693514728
2746186214
2567207999
2750185596
2721047549
2696588842
2715743643
2727165217
2750147103
2555964303
2903330151
2707627582
641304007
2720414387
2645991573
2749660318
2601291399
2707689773
2541723908
637217311
2536102200
2573764308
2692314069
2641279257
2746959024
2751738601
2748788579
2670736372
2520192262
2750065084
2750093620
2512804452
2646088541
2720144725
2602199933
2746576713
2791511100
2721217639
2747442022
2662535995
2749526386
2719556582
2675462886
2682818188
2577729990
2880001450
2925810524
2582483604
2699793483
2656066894
2545416717
2906121488
2870241067
2719225197
2563103050
2694486598
2907907306
2924904088
2672570672
2632222005
2665545612
2751474183
2610655419
2718965704
2659423538
2733894782
2751455172
2925496121
2747585154
2903359123
2655314655
2749464099
2750400209
2749607739
2743344347
2747394282
2610710555
2670727060
2703264386
2601397629
2630472484
2543701372
2696245210
2648160185
2905054879
2749636719
2747801498
2916223668
2602371438
2693918737
2738615829
2636627142
2906172447
2697675385
2750457358
2685237484
2695582903
2747623613
2541698152
2750743360
2656078257
2601147866
2690884090
2698586516
2610675476
2750993095
2751350847
2747791908
2749358881
2747351366
2748951088
2588776017
2748574930
2723208648
2559988708
2555210163
2897279910
2909238716
2612364138
2559885953
2743337483
2511973915
2749363627
2675548800
2674495031
2641077589
2640800460
2699077024
2664802331
2751407958
2576488559
2749344434
2620600423
2719920953
2750481139
2916212639
2722812321
2747671172
2532580097
2693816273
2684697093
637212770
2722669182
2937759988
2938132676
2938793362
2938124723
2938149725
2938755530
2938778738
2939093664
2965669399
2966073164
2958330039
2962606593
2962556721
2962566133
2962571197
2962577277
2962581452
2968462820
2969038781
2969420152
2969085920
2969096771
2969425684
2748301339
2683957571
2571712788
2669342527
2667054768
2751633696
2661479953
2720117453
2871653608
2750180798
2859247630
2752056612
2661970557
2673044490
2924910015
2751341588
2519710992
2750194977
2640889366
2860613261
2750108389
2631700777
2630857275
2724159476
2749149266
2703318389
2570215198
2860579501
2750987883
2649050134
2720939864
2692594532
2533336415
2610467746
2662473389
2747384779
2673010332
2570602214
2673386613
2750022267
2610886204
2752014175
2663150864
2687849969
2751265020
2689948501
2852250750
2650097601
2637731492
2670510497
2598546784
2656046295
2601373449
2660924852
2638607704
2529908726
2750343227
2750504811
2539243178
2597979617
2655308927
2519290553
2751663700
2925455616
2750046004
2559892588
2907865438
2747322992
2751748604
2748190120
2750386424
2697477135
2659831837
2714986401
2631477663
2723551123
2520314831
2601721730
2726274811
2666809042
2721043045
2750395537
2535878696
2779235591
2552177866
2724007465
2750079321
2660809780
2577755930
2748214097
2692401308
2751683791
2611705265
2726131687
2750686083
2747787397
2683981794
2746992651
2719911738
2721203528
2555681646
2750466782
2915816693
2663328505
2632555894
2589772656
2748478961
2645914714
2541644568
646989484
2751799200
2912536617
2555675180
2520750001
2655975179
2718743550
2579913709
2726265444
2923284033
2726308441
2696785355
2726160267
2541694781
2588812857
2573586613
2683488135
2601233686
2611655419
2664713076
2744616233
2633221548
2751912580
2618381664
2750476384
2750353111
2665733860
2692677807
2751360818
2869439539
2825510503
2719213439
2666932117
2707637171
2603872056
2748603797
2581709685
2601295456
2749851119
2747103012
2906165956
2663766327
2748199590
2570194813
2578166854
2870456290
2582432731
2751863177
2749334806
2660250159
2598866654
2655970666
2687475822
2886118264
2875640304
2698814563
2929368678
2659727137
2668964259
642747291
2749392540
2720307751
2875276338
2694432791
2922862263
2683703363
2661615918
2642031345
2646602022
2743353413
2751227970
2750242786
2699193778
2682491472
2720338980
2559868354
2721070119
2588795353
2612105358
2749865401
2656033847
2672365035
2658321256
2696624486
2673285499
2693978193
2559907596
2545430271
2905129546
2632557868
2601204633
2563590000
2603876883
2536293641
2720595570
2629414018
2635557700
2659290778
2733868159
2748959968
2675260342
2673504404
2778806466
2550099582
2722925252
2703361828
2633362533
2721222151
2751574785
2749612712
2748798333
2696988466
2646804883
2663284899
2726193512
2750829255
2751223561
2569210485
2641690755
2751828634
2672507329
2750199599
2916229541
2674622695
2695777489
2589207094
2743347164
2690785448
2601363554
2747256481
2577760981
2750190318
2751327072
2730331895
2543789759
2715733036
2695896942
2659437158
2665372478
2571211291
2663931906
2746949271
2559956520
2748368804
2704002795
2559969612
2751355767
2747647365
2696327635
2647843887
2581655096
2651591260
2726328104
2641127383
2601528291
2719544995
2916241950
2726303729
2749063074
2550934710
2720885624
2722829753
2871680615
2611680923
2693587250
2722595328
2793854310
2648656139
2703421007
2601322575
2696832913
2897295279
2646030310
2724785102
2652944136
2716412896
2610598222
2715383113
2555258495
2663834968
2748852025
2572653584
2677740323
2571357132
2632543422
2555194455
2849034636
2922822969
2774923837
2703351685
2665336626
2665623588
2675072738
2847574917
2581076089
2699473739
2554798184
2689122084
2702215657
2748349777
2601346685
2726220406
2747165770
2751941289
2589738782
2674965958
2747375145
2922233110
642737576
2678166632
2714862290
2726401876
2750859339
2718661247
2747279885
2874321012
2541602744
2520402028
2543595908
2723175625
2747093497
2849039604
2749898905
2550926033
2651294626
2601409530
2589195913
2610705249
2922228236
2869467602
2666319739
2707347426
641321492
2559920556
2543629827
2912031316
2649571040
2611791421
2647178819
2703345908
2580445999
2907830386
2580507245
2907876436
2601171077
2660920583
2720538748
2750088774
2872444505
2784124633
2618887883
2720405377
2610913564
2667415467
2559858335
2674308035
2661276363
2670799066
2666899015
2589205134
2533319358
2589786482
2749168195
2706471499
2758382622
2719337289
2611109832
2650010856
2543643615
2698970559
2693453871
2917339851
2678274805
2872660242
2660434382
2748185843
2916262844
2610627978
2723923833
2743037349
2543604957
2749832287
2610812980
2675232434
2748378784
2869452102
2750893258
2588545738
2747724001
2683314634
2657410622
647940103
2747150753
2749004437
2543566054
2588740413
2746533841
2925848707
2571698526
2576048619
2543638211
2610320245
2851028196
2924948359
2751668683
2747418085
2577142013
2543877873
2545882024
2576185936
2581502063
2744425521
2746939132
2750132831
2897315787
2550976875
2683056350
2784127761
2704027925
2652280420
2649086095
2601658703
2662492913
2880040521
2751873107
2659373691
2660358645
2541736152
2730251779
2810194839
2869478725
2637079863
2721680660
2601168854
2691981194
2667422047
2749225375
2514558517
2611139224
2922827847
2665126771
2669586161
2721231221
2631614597
645287223
2666986499
2659283848
2655910706
2752027593
2670741651
2690771321
2583243471
2671037570
2521375924
2610074810
2667109833
2655067227
2692820168
2922302262
2640685694
2747122426
2750309830
2751584403
2610694833
2925819807
2666794052
2662132452
2511714519
2729262687
2580114995
2903342210
2667002326
2730067649
2726475159
2667155881
2696044038
2589191036
2874311122
2588917891
2545451340
2672129298
2747709824
2751733520
2751853233
2715813237
2751218192
2610869714
2749101548
2749559879
2695846477
2673465652
2699713471
2541667588
2665266630
2703290123
2693154014
2571555614
2569311993
2907854208
2750500057
2589863233
2641653116
2652563504
2748940431
2543711104
2703943464
2906143722
2655324325
2747212691
2533307129
2664626250
2748334969
2715788429
2779246654
2659540250
2724164834
2785618930
2519301672
2909208800
2748837388
2726372378
2674883635
2749588654
2715779604
2746987106
2742970681
2659355479
2748674865
2660737196
2546790011
2697896476
2751479309
2554852572
2703393967
2748930693
2777025630
2678845633
2719229702
2747504298
2749760720
2719208925
2938140092
2938165547
2938763267
2939098507
2939573097
2965679908
2966010305
2966045608
2966049579
2962108450
2958311050
2958354398
2962145728
2962586845
2962593539
2962596290
2969018074
2748319486
2742880111
2661141291
2969057925
2969444058
2637185133
2702229411
2906136292
2913098384
2682813192
2672949477
2747609100
2749287232
2693180035
2683478118
2748717349
2751589348
2750648322
2696282438
2749669873
2747403827
2629033761
2677448415
2570253350
2629928095
2647647044
2750218725
2670815384
2750997716
2703296776
2751507529
2751526615
2810815461
2520822657
2577441363
2880037618
2874318730
2749249031
2659891918
2703252128
2718785753
2688538934
2682837779
2912565433
2637571812
2751579559
2723909965
2747733639
2610545483
2655336304
2751788985
2540287372
2550094368
2723217758
2749731830
2747619140
2543806161
2750715114
2922222330
2747570777
2610820403
643236529
2683522050
2720813418
2695662591
2671963010
2541654438
2776706654
2647693120
2751936639
2588882374
2648527803
2543698451
2669276641
2746538640
2751723612
2612325201
2746977684
2743022521
2655319136
2726362579
2749311070
2747465762
2630286099
2835262780
2647696952
2588847346
2641833608
2747628274
2751384085
2692632565
2663280067
2640635932
2552266496
2693572971
2655819711
2732493346
2900975052
2691797237
2898864181
2749282547
2637303176
2875649605
2747380110
2597983910
2559961589
2749650827
2723438647
2871656110
2748250408
2559964761
2701723164
2663067831
2747389533
2747522935
2610452781
2688667697
2543786687
2534332805
2655950434
2652774656
2748764899
2535138870
2577483880
2511850100
2896825734
2662527000
2519701667
2541743426
2793858244
2629238072
2715762576
2533296328
2780718298
2752066468
2751868129
2555952123
2719997991
2610893990
2657922539
2543124568
2730243297
2669850807
2723324442
2665991362
2656569975
2693788370
2547168822
2793891058
2677487747
2662987238
2665636753
2897286297
2670373492
2638013433
2900980538
2748843398
2748555831
2749641330
2678575016
2562905737
2664751180
2655873465
2719259330
2925853739
2749765453
2580872798
2638288662
2719292039
2722938771
2601285684
2610660068
2696229723
2601247477
2520282161
2589764411
2752095322
2751892887
2748726831
2726093436
2696531477
2684202079
2733900762
2601726840
2543614150
2721052094
2724758756
2751989360
2718626125
2664515722
2576140908
2749602926
2707501797
2907883723
2748421558
2555842875
2610665729
2748263485
2661896714
2718794793
2668305653
2748641719
2648328337
2667017983
2664501776
2655668421
2589187455
2543618835
645333098
2758403845
2751269891
2750898249
2779210176
2724012176
2747011368
2776718013
2747006564
2585966307
2871640664
2543594857
2720930853
646542879
2746877015
2541647845
2697203345
2670159446
2748632196
2661661910
2559142047
2877569774
2749617248
2750156719
2683482877
2668297846
2748823184
2750932952
2545392016
2922319148
2747399135
2569740719
2682808383
2850994972
2747025604
2747780241
2543904738
2750662187
2657521801
2699695656
2719539739
2601523132
2670872351
2924942266
2665873103
2610385879
2661657619
2922856961
2537921109
2875635158
2750705055
2748389082
2715828222
2749879674
2747666620
2726343546
2543534437
2660680034
2611135084
2519296052
2748488496
2720534075
2719717457
2662643887
2664984723
2751955587
2691464597
2746552969
2629340091
2703270448
2588564150
2747251576
2749187089
2610445454
2720016366
2747049709
2726185984
2750257087
2747614097
2545483928
2693973006
2620591495
2572866882
2746605472
2722571660
2841707572
2851035997
2674182603
2749267977
2922833841
2683515192
2913091387
2861007005
2908950858
650490460
2552935193
2747016103
2601460485
2749292078
2703288083
2541709680
2538620131
2620586968
2692964581
2877534143
2629326319
2718979389
2750281036
2715770824
2589839531
2674202186
2780501079
2571463087
2748891211
2723222327
2748257847
2726382285
2747146162
2665935289
2748755887
2647628458
2876505741
2618983266
2666726440
2742974769
2589797280
2632982010
2696301201
2546411851
2640530799
2559946116
2697982690
2750628691
2750671785
2573459976
2751809317
2702224690
2720830512
2749646077
2666377388
2505111645
2752051703
2750113228
2924977682
2661627217
2648218098
2543777188
2683695875
2662916753
2658060606
2720355269
2696291246
2691947574
2657868687
2748847118
2749182345
2749263318
2703414727
2610534114
2572590878
2650149959
2909197913
2878896508
2696792619
2699996041
2726539133
2683030229
2755726708
2548615002
2666758040
2750276205
2670617717
2660529925
2670406392
2675748798
2720418891
2748156579
2584041807
2573769787
2702218530
2582375006
2712343166
2743747530
2719916405
2690849152
2641972488
2658915493
2748708548
2746234512
2659822820
2657466468
2745933167
2683967423
2750050844
2774792817
2742947617
2723889061
2696984888
2670089211
2601716434
2691714309
2714855314
2750228179
2629090272
2657552661
2646976872
2747155611
2673185969
2563122538
2533326229
2661293923
2750319798
2726332646
2543651719
2637781470
2698745763
2748969776
2601429892
2748180926
2733837542
2916611273
2749717481
2543830249
2723186525
2748989637
2728619862
2721669198
2751897793
2747236443
2909218996
2683067212
2749875000
2692863062
2750552328
2665105076
2699914486
2703375626
2924972328
2834017905
2714375186
2779221379
2658114773
2747341891
2641339874
2722576168
2559801549
2719453142
2878873708
2669040343
2718601786
2569561592
2652882051
2546795735
2574077818
2601701046
642135419
2715800726
2564746540
2648517176
2747748176
2722947838
2610853683
2577638026
2639410862
2670457954
2543716403
2725895256
2748512826
2554669639
2749473835
2519719323
2520820219
2631261580
2662756603
2743028080
2909174667
2641048297
2589823670
2748464847
2752090491
2635888091
2749068007
2536632264
2748441042
2618902641
2651133626
2748877204
2748282082
2602270192
2641016412
2700105160
2672275972
2658302674
2875632536
2750084047
2697709247
2601648355
2659031270
638787612
2746862658
2664769825
2752071378
642117191
2750161713
2563096608
2747298900
2664815361
2667207948
2745226132
2748238282
2666206751
2561347801
2668728556
2656072733
2747346769
2543579356
2720808914
2724076141
2898834887
2620638196
2733872600
2629717493
2726116941
2694450769
2769222702
2535157763
2697747520
2633389853
2746548140
2664549629
2610456974
2674578926
2543895724
2747318267
2871636844
2701491984
2692393963
2670251841
2655667038
2659377123
2729426395
2631358770
2720547258
2749373311
2707364966
2636931968
2657501061
2877940375
2687748593
2572934020
2661797571
2749058280
2628299184
2674640725
2938197178
2938749587
2938806299
2966027531
2967482657
2938757775
2939081285
2939118689
2939530619
2965624935
2966004422
2966020612
2966039625
2966054326
2958338636
2962110427
2962127221
2962189381
2962549421
2969428734
2618384430
2661114657
2969069063
2969464378
2969479275
2707657114
2751394360
2747198412
2588782578
2748900848
2748363966
2749903581
2724153876
2774003698
2639311975
2601309767
2692029886
2620596013
2748680048
2652848510
2721074626
2678302715
2601211332
2707756260
2751536130
2782352641
2637223518
2886110998
2874330009
2722681065
2567037419
2661722351
2588786251
2750667035
2780275554
2672035565
2666677838
2748955888
2662628768
2610763340
2670182039
2638058304
2686936101
2575754764
2747637864
2880009303
2750561891
2646057025
2906209177
2748974771
2906110471
2633845823
2695607800
2632488651
2749684221
2661740819
2669272469
2878881402
2661336690
2520359704
2751927035
2610390788
2880011551
2520364019
2664877165
2572786579
2699009903
2572462758
2747714818
2720290955
2721551242
2667280486
2692188253
2663906949
2703405398
2701992766
2927798942
2750017508
2707666412
2666731460
2669451031
2588872592
2748784298
2925481337
2724127019
2583750152
2514291865
2726318092
2925822467
2751540911
2850588566
2656004700
2749053448
2747541929
2611228683
2749315817
2696975805
2749564640
2749631763
2749822912
2550930592
2633154497
2925868818
2582327201
2720835017
2747294202
2565096995
2906187835
2742870424
2662188750
2637509161
2723622849
2726406580
2749230027
2682753657
2610725834
2747561110
2751322389
2563985756
2923269972
2825481322
2750328947
2872452099
2570356237
2531656416
2719314070
2925838162
2747107832
2852245716
2543545463
2749382896
2722662483
2562915666
2701728087
2749416217
2751388762
2922266938
2726613646
2901669805
2632839297
2751440884
2520766115
2691133322
2749927061
2656083464
2646867277
2750523885
2632927726
2916247279
2696803908
2660571566
2574994428
2749172924
2695822517
2601653176
2720935360
2719831589
2629285660
2750495319
2699117050
2559797878
2571448947
2749478512
2721674858
2603660797
2664924125
2849029679
2675519932
2870441199
2723332938
2652776925
2721340559
2750815490
2719298039
2572445483
2589853981
2562613446
2747480061
2670972035
2748623199
2670546874
2554868268
2601615124
2662222675
2687971932
2618372367
2748204423
2869425360
2645847723
2750676551
2750791065
2589791911
2716403925
2683072503
2726460462
2726137501
2663225897
2749531136
2669361803
2658955603
2749306245
2649233809
2697403187
2543742712
2724844862
2601261896
2750952954
2670662366
2588830889
2750514404
2724754241
2703371480
2694101196
649676353
2570962135
2531179803
2860403811
2703225294
2672424963
2655961626
2683179900
2900952227
2662226687
2671045078
2750753441
2874327282
2748895945
2647157742
2647033779
2520424927
2748306312
2877932140
2718974886
2916191846
2677865016
2563092627
2691169582
2922278480
2778971755
2747169933
2779202189
2897310642
2665800609
2559952605
2547212195
2925843345
2601711416
2923265207
2703276422
2746600716
2697130418
2919110354
2543109041
2666239364
2559821189
2724764301
2657973484
2743002552
2520777116
2674281957
2656042930
2668769292
2562357235
2748373519
2748412151
2926722051
2646165610
2750580920
2669453279
2658065101
2718790284
2896427676
2588826156
2747270307
2742896380
2687666959
2704025530
2924967682
2662908266
2682850502
2572375076
2583990030
2747518074
2672341103
2696385447
2642341402
2903346463
2663053117
2581566919
2753966258
2666362433
2669666576
2675043661
2559940131
2722803668
2589753006
2720522532
2704005732
2719287402
2877577931
2726357647
2658949037
2793879968
2683691552
2552661256
2747337161
2610759624
2707792792
2630544015
2669267098
2751823616
2748920591
2650903038
2750633472
2719691142
2732829874
2665649898
2726606417
2619197555
2752085615
2659638514
2726284373
642785478
2917375916
2846263354
2661423841
2747565932
2748537078
2674669421
2663519685
2871678159
2589767608
2750137538
2520274626
2687009003
2683083781
2657835723
2747030349
2660283342
2922259825
2876501347
2601464541
2659056171
2751688767
2848628027
2745030126
2810871680
2669633682
2610874858
2688889098
2592470426
2774741895
2748703802
2610583600
2774563318
2663058704
2752022700
2747246703
2682919160
2750781495
2925466023
2861010941
2922254009
2793913159
2572549625
2696083961
2673072643
2720343487
2687839576
2683526825
2665301047
2688884009
2559874882
2724836333
2810861323
2543758264
2750007992
2559923392
2669804584
2665186057
2631603262
2661514752
2657765928
2917334774
2747680780
2730072155
2931339595
2749870163
2917370668
2554803290
2581952689
2749234860
2900972008
2571669443
2670300700
2723546619
2572010297
2751346149
2647024497
2697428780
2749993780
2746335684
2689107979
2654988624
2751653714
2687604990
2683103463
2692240979
2693049825
2533294955
2576344585
2750031769
2662379998
2847579530
2636789803
2589860200
2871660500
2696522396
2870226518
2663094292
2748584416
2750261914
2718776770
2534217671
2749922319
2665274279
2922806115
2860626929
2589747846
2699972665
2694108189
2747360903
2602638206
2750347984
2694200590
2692145035
2543919402
2637443846
2665985957
2851042118
2916614819
2545439901
2610745069
2903376370
2559817014
2559846220
2718646240
2751370249
2601377653
2750863756
2751202991
2751623760
2696510017
2553446047
2692858223
2641492555
2693094908
2633372493
2871646998
2747035231
2687681597
2742985242
2876548697
2749679389
2750376450
2750973365
2749354220
2691687534
2750213976
2588877404
2719264775
2723337443
2718983896
2667180222
2661901630
2520759196
2657734222
2909185396
2601176122
2749072831
2707570325
2660376573
2543672832
2707542747
2905066823
2745219070
2908841713
2703222908
2924898226
2922294785
2660756636
2851828457
2569816663
2573135759
2851438282
2749665075
2650970891
2668953867
2667146192
2538084455
2545472845
2638667267
2750595213
2640750153
2774944798
2603666070
2610412325
2701758040
2704016625
2747356202
2562910544
2733891689
2758377288
2749430679
2747461007
2749779657
2751451208
2690907747
2807977330
2905060549
2793919578
2677402408
2667306927
2610929986
2697969856
2588832662
2748751106
2750055496
2859727093
2669028025
2659255516
2543660120
2670874729
2749468928
2726172073
2748560568
2851432544
2751979730
2751252847
2724751522
2751375301
2746934327
2581720834
2750305161
2659216088
2618879372
2632366297
2697796838
2659928050
2726171184
2659191474
2742958058
2746886640
2742936108
2791492915
2670437007
2683972284
2665687151
2610622797
2860995318
2695918685
2749626940
2662015618
2843975441
2690867903
2697701904
2569952318
646599688
2749220651
2694054980
2572458782
642742464
2750074487
2707675946
2750405042
2692431332
2575124441
2631495897
2601251894
2861025430
2748736187
2658170674
2744598105
2837473276
2570247284
2749945969
2860584954
2749349233
2646123087
2938804684
2966015538
2938184220
2938785078
2938795953
2939073209
2939088099
2965607955
2965638648
2965654030
2965658857
2961611284
2962138234
2969006624
2969014056
2969459368
2720891572
2786855158
2969052462
2969409212
2969473719
2601213293
2903315398
2846278128
2664849284
2554840677
2543923547
2917360383
2655090751
2541688508
2633466260
2748655880
2610808121
2610836797
2692099098
2661027891
2664586367
2742980930
2750977866
2714859134
2610716140
2570635315
2540544278
2553121830
2714380086
2793886940
2637525144
2631652948
2749191881
2578225338
2742892659
2658831924
2661801570
2605149328
2661891753
2749206245
2720826007
2825473273
2610936589
2662468358
2669423489
2686709631
2751773783
2750271367
2659841843
2545481483
2748416894
2720319167
2610492465
2747767618
2641210777
2923243348
2905078285
2601255781
2903353168
2701631762
2632171059
2618898428
2747532481
2570617576
2712311399
2674972822
2665566744
2651575704
2747642526
2903306996
2650152730
2718946869
2666414241
2721381180
2675792585
2747676319
2603848931
2543891956
2724026759
2875238848
2726508867
2563116584
2669885261
2677603388
2726347653
2749244335
2639584898
2870446316
2751287820
2646830797
2755124095
2678926304
2719220693
2667286373
2612182639
2543583112
2543569224
2645791768
2751302765
2580279226
2752017945
2683035739
2720285853
2562365555
2750691250
2749569355
2861015764
2541675952
2655215036
2645908735
2687981235
2906206913
2701738160
2727061352
2748570273
2666504339
2714966808
2533329451
2916257376
647149843
2687625009
2907821074
2588526035
2751984502
2580243362
2851000053
2672013224
2922238588
2673619957
2869436284
2720453722
2583664551
2683720031
2869473330
2776711885
2778910106
2569469727
2723157752
2723229641
2726313294
2747437085
2662176724
2630361788
2697262568
2751718714
2642220724
2751818785
2749598052
2693793757
2743012726
2686932097
2650076066
2748344852
2751555411
2670232905
2669032635
2916630335
2610847007
2543707962
2726283069
2874302655
2687164144
2750381263
2748999363
2659110005
2661776928
2749950938
2662617058
2543822801
2747656909
2752076229
2871673869
2698640433
2669417847
2569930585
2638250086
2722914150
2550759187
2637566123
2547205362
2748320649
2665913290
2748517586
2746872156
2749974760
2749770440
2748175756
2580165132
2750300814
2641892159
2665598232
2896779702
2750819657
2888695567
2641362528
2675812151
2694080562
2543541726
2742862229
2672890145
2520403672
2667374880
2635836573
2565780573
2749516715
2699093464
2750295525
2907860088
2543634586
2669780918
2742672455
2723901679
2694402782
2746557675
2750982939
2751858224
2720817923
2682421946
2641251345
2746562475
2923246078
2851016981
2580689364
2747699825
2878872512
2682846062
2660799393
2696777756
2589218953
2742851359
2747513374
2664807034
2750285959
2664694831
2697752224
2601404230
2688112270
2610753868
2637159033
2662387676
2687230774
2906116058
2541716329
2575901850
2749536042
2670035077
2659624224
2748546162
2750209506
2699876550
2749736579
2665534886
2554879611
2675284107
2572917175
2751599101
2750036601
2665862081
2548883738
2687278123
2601402462
2670237254
2588551312
2924892531
2666964815
2672500964
2559832160
2742857412
2719961735
2718954140
2730327559
2813060212
2715727027
2610441903
2859254355
2733902059
2657419874
643370416
2747126739
2672513289
2601152843
2659301224
2721697339
2687927405
2692547366
2749459601
2719711676
2703301511
2640737623
2850578395
2611895088
2666639114
2543689667
2746386372
2703996182
2648642766
2601705831
2543140807
2750485810
2748979557
2748861850
2666039193
2650953345
2750314612
2775224483
2647233738
2908550004
2746586257
2696408320
2538058311
2726090243
2922316530
2695804109
2720135613
2664912977
2703249100
2610637689
2750122973
2749674620
2750709920
2870451173
2924936133
2724132529
2751238422
2663962117
2779213863
2610420014
2746238465
2748731493
2697087833
2750604789
2748817935
2541659982
2715721710
2742681831
2529891881
2748296667
2780714232
2714007924
2541590716
2559855427
2925862912
2572883415
2550765516
2633341831
2924951203
2913094187
2746571948
2751426852
2746867408
2749502521
2742927660
640800257
2586019016
2749707970
2723416088
2749803402
2611651714
2747599520
2588809081
2859267583
2749540782
2645878132
2555751318
2543721934
2564997236
2784251644
2656090740
2659440764
2662941290
2697858788
2752080955
2592532835
2543657135
2714385665
2675887375
2748627412
2654923762
2751768789
2656038367
2533311938
2684895350
2570410876
2922869088
2636848085
2636874572
2686582657
2750362179
2554794832
2610480971
2925502011
2703357834
2751922042
2664853914
2669070513
2687990483
2666622306
2750795848
2610462686
2661523605
2683962447
2752105103
2665366765
2747509022
2750609570
2642086408
2563113270
2723134619
2543795873
2598588502
2877538954
2720944373
2750204745
2697632684
2602383650
2860611202
2674920465
2751673677
2601619950
2665765780
2701826791
2750652582
2646990329
2749435604
2690723802
2721213969
2872655687
2536107683
2673552803
2668748238
646908753
2733876372
2726514546
2751003131
2707608645
2813557134
2555821390
2746929511
2670046938
2588806546
2916201916
2747117674
2718970331
2719341791
2549318519
2748243274
2559866030
2916252177
2746523977
2610556000
2610769564
2707768585
2719436807
2668444728
2543885807
2519708437
2650068599
2750519137
2896799976
2610737538
2874290190
2675608158
2611888812
2749827519
2786687537
2750142194
2748493338
642776383
2719526148
2704075536
2601325631
2747059783
2574765541
2632896684
2670012512
2748774306
2674008785
2721691912
2692010951
2660262175
2543857880
2588931618
2746968155
2673809804
2690889171
2751337202
2610732651
2726096843
2749177640
2750873506
2588916064
2749521553
2665151505
2749688991
2662807163
2747695013
2825496644
2880341857
2746963396
2922838496
2703306200
2750623919
2747551554
2851461819
2758389695
2724774548
2678233059
2701752840
2664724097
2649949186
2576907948
637404638
2715741223
2555999538
2880313409
2719448639
2748740993
2567032632
2599409938
2751931865
2719204419
2750252317
2707680649
2860619130
2916636990
2733886584
2535168652
2662504996
2749698535
2661043569
2747590019
2747045088
2723372371
2662729220
2566184521
2874335593
2696242019
2532922603
2646765627
2693147908
2906126274
2529904861
2546758303
2692576603
2559646086
2707641888
2571224721
2631693829
2905106448
2652950035
2749387765
2772287989
2589477839
2632179395
2872449751
2650804614
2683076473
2875670844
2666722113
2750937890
2750118098
2915834335
2659563828
2682832742
2750371754
2746614984
2648706048
2637791013
2938206207
2965640860
2938156619
2938199939
2939083320
2939108916
2965630416
2966067633
2958321968
2958332122
2958296742
2958315520
2958343701
2962153856
2962177545
