gene	ko_K23351	
2517121888
2547515760
2709438364
2805746126
2790094103
2800453764
2581962740
2870923918
2596284575
2596285347
2801067331
2565724727
2820752245
646221982
2716650625
2820742183
2832236591
2882605134
2793207113
2589926601
2920449754
2914122786
2924852308
2752641344
2519001055
2885358940
2742640783
2890025805
2854171486
2857895578
2774745835
2535647654
2835176286
2800959985
2800450817
640785404
2579601189
2855584538
2587004676
2618728360
2924883836
2574189967
2574190387
2928326928
2834671423
2795726760
2683328027
2882060897
2595405228
2889376859
2579646093
2800392652
2662979259
2894299638
2513126591
643157108
2596388071
2576844235
2561380244
2663233247
2731880329
2806222961
2895403429
2857904150
2837263438
2914740068
2657152728
2792054196
2702058459
2913820279
2543312363
2913988369
2891047311
2848938860
2788447248
2752663624
2571235810
2843116959
2889325622
2842669181
2899587192
2886510883
2800971631
2848009062
2650974288
2924017588
2791063858
2833565136
2706128635
2793200536
2619871948
644789780
2928402097
2514746451
2775970983
2569066867
2557097523
2705639139
2515407934
2904887397
2914257600
2518602567
2630435378
2721886157
2913281667
2709426583
2624772074
2807802235
2571841793
2787571925
641387501
2800977772
2924862675
2829849895
2509825581
2914127214
2870967140
2800523506
2890571688
2578719482
649968254
2716928623
2876086621
2873699163
2531209013
647888225
2854190919
2514717360
2820597871
648808164
2898056432
2595584139
2829268017
2832461167
2820369377
2573193677
2873669302
2920991887
2709286745
2651201821
2806953989
2619490004
2265001441
640875095
2791895923
2914734403
2648610451
2800360407
2914388307
2884618869
2588610718
2514457133
2734492578
2854208441
2705663554
2799640823
650608453
2800446621
2808014250
2562750667
2914752590
2914753457
2800315470
651373375
2880956714
2832377968
2830051377
2883367989
2633211454
2633211530
2646325150
2531216149
2815206084
2910153089
2709419256
2657674068
2616856317
2517205041
2904835400
2832630842
2637147373
2854200403
2620814633
2805616808
2526241978
2884238701
2904882976
2639969939
2886508405
2800420117
2884134972
2739410505
2589953130
2558937541
2855578537
2847197346
2587767278
646289862
2833537736
2601481480
2813689519
648783241
2901540432
2869001742
2841158251
2801028020
2537642320
2821862181
2541439706
2619346796
2712907524
2707508749
2678637735
640893101
2578787724
2562177597
2641259035
2641257790
2657045352
2893948644
2513167013
2576020114
2577415219
2666118694
2923742894
2879400502
2914755223
2505286006
2626518539
2813599940
2729839170
2899580115
2506404008
2878935907
2789342938
2829369832
2924007940
2642513200
2718987586
2698122993
2746364871
2577007475
2807595507
649960425
2709460291
2713651554
2709333521
2670657520
2913505575
2504107975
2849164184
2541311605
2785478775
2537172929
2814149580
2901394891
2587150693
2602604103
2713248754
2882404873
2637715800
2820807400
2792561750
2921980660
2936217559
2936877909
2921978974
2938057161
2938098160
2940208821
2940328461
2940371638
2965251199
2957367406
2958388636
2958429542
2958437658
2961313798
2705636128
2832274793
2668754129
2914136596
2868538508
2536064443
2774786823
2621196993
2652499475
2630703550
2735539199
2894002845
2752853645
641541144
2832823545
2814011473
2574187698
2587010878
2820788995
2901581882
2923974503
2887150514
2632713267
649916608
2898061099
2536965978
2742642003
2509691294
2624629043
2595533268
2854178707
2829088799
2601483494
2698978028
2839016388
2624751756
2829059822
2800451283
2669764735
2889380674
2589897127
2574189205
2752594983
2705614374
2901556333
2696472885
2578734430
2800352895
2886467039
2839502736
2889623192
2921975788
2799450437
2800475538
647439766
2752951214
2894007269
2562538539
2849648976
2636405303
2857920026
2898065888
2843119488
2612422548
2911230844
2799515902
2901578039
2787899005
2721975347
2869003320
2832572180
2889401437
2722120063
2923983706
649701919
2756681461
646433454
2775980339
2842668246
2849621011
2870931791
2841779686
2820772101
2799632180
640768845
2841780944
2563787560
2913953951
2793225983
648204916
2790100634
2684070174
2545543327
647896418
2509274069
2857913897
2893950729
2884621802
2832980766
2893966688
2722133105
2538157541
2854198202
2873676880
2793225162
2917534684
2515339561
2624541171
2884627760
2621232495
2656546643
2801094690
2626526160
2810396140
2813276523
2800505329
2709372759
2855586191
2600718310
2687155546
2914446256
2914266074
2619188989
2790378800
2903631322
2649860420
2698114747
2576621349
2655218422
2903631851
2914757634
2882407791
2619491977
2663143014
2901128391
2894990776
2800409657
2578760281
2893938573
2722150023
637263866
2914723776
2874493609
2874497725
2588610814
646228181
2694955541
2752648892
2566279798
2787890034
2561494284
2909470850
2693739870
2693739157
2657003808
2608493416
2904872681
2881106861
2800315757
2523792390
2538294138
2895410229
2800425596
2729238560
2791067886
2893976178
2669302799
2924033034
2668882521
2887146358
2849638200
2563196122
2519067698
2576027257
2517246476
2904840579
2801091582
2635123281
2574051957
2800396589
2637146529
2800550371
2562671361
2895281521
650849880
2771478540
2914720532
2914748592
2589982648
648127879
2705671233
2924840288
2868522661
2511471669
2846821021
2800562307
2758474824
2820745338
2858655493
2910981374
2739410947
2697359506
2800530635
2527115593
2839021191
2883588437
2752646187
2800540195
2514329813
2869008398
2526205495
2709416918
2801083037
2669106242
2669107601
2709417494
2881712219
2637467755
641301759
2820313653
2815113294
2540068087
2801096268
2921970604
2921091985
2562625826
2919925928
2812681954
2524208198
2735965268
2758039653
2566294478
2545533171
2694864689
2659871568
2752849459
2573827386
2901075800
2631436895
2914131878
2512544783
2921969029
2904902075
2652735142
2629490498
2626519026
2829428373
2513152619
2792485729
2845834587
2845834765
2618733285
2565660491
2561999179
2547282148
647367138
2693157957
2771404638
2789735161
2800341901
2732149225
2884631055
2531794863
2515348432
2883942059
2800956422
2515401075
2812415992
2691736365
2578669133
2838787239
2570321453
2914711962
2668667263
651542268
2868221834
2771966834
2620343091
2914705331
2633623320
2519480909
2938086727
2940209785
2965267214
2957371305
2958364011
2958379837
2958408339
2958435037
2961291293
2961295754
2645728431
2668751774
2836679557
2857934467
2879389746
2509101521
2802715408
2847161200
2698155459
2667251452
2516125511
2621278856
2654559394
2541375181
2538026540
2924001520
2558231564
2789961816
2752614375
2840542773
2574374428
647885950
2617759922
2677439041
2578694306
2920449748
2724329004
637410125
2921132977
2535570837
2628807477
2578689718
2713814847
2912132242
2820795593
2837376357
2600724766
2661259567
2800961461
2791060722
646277444
2513135004
2820774939
2674575664
2629815692
2855582252
2837115846
2845941962
2921974856
2692611762
646033346
2800391734
642643871
2662980484
2805464348
642716053
2915165663
2800574629
2800513398
2820786673
2562537375
2861242654
2904897715
2800375476
2889551807
2658328714
2695127381
2720459556
2752665007
2846818515
2913859343
2568913890
2800226616
2536074812
2589974643
2734494591
2721374932
2599710033
2570818752
648893838
2829345754
2641485879
2657223683
2531041264
2836814745
2800979770
2886846333
2812685090
2545543031
2509426114
2525402417
2633266836
2718806824
2722069479
2770903273
2844125459
2787571110
640762603
2924867740
2793208434
2800977222
2820790672
2901166388
2618543009
2626526438
2631324325
2788448894
2914779081
2800321884
2642258333
2889385830
2839454042
2906445753
2880998871
2789502435
2800489421
2713212947
2868225433
2800986318
2813029402
2914757627
2667317037
2722065130
2642510750
2621291664
2833539775
2538184952
2713328129
2910985936
647882504
2596256292
2578728456
2617925853
2799659713
2713327107
2913971096
2657174313
2915917213
2820797702
2923992084
2890733361
2551304017
2562750271
2915889419
2888472080
2857922708
2624721251
2559583556
2833505580
2561351555
2787887420
2624722974
2531218001
2663169391
2915888311
2588512887
2820531440
2834503673
2578792467
2789347917
2879379499
2868215948
2595573068
2919929197
2910979195
2834287593
2800297217
2587855954
2800443567
2914720527
2922330782
2920998992
2624542897
648885490
648908479
2538178927
2531859011
2858649277
2800497180
2697361448
646213476
649773912
2800431298
2658356082
2882158548
646432520
2504956581
2571136267
2874493772
2821862152
2745754282
2701212840
2891499017
2886491320
2812400906
2571246608
2732153212
2820765023
2801045047
2801045316
2558975546
2868202220
2805659152
2901590073
2533892485
2833416965
2849643019
2915855811
2915871197
2915173189
2810859923
2921976134
2656985186
2752850280
2573864462
2839935944
2665123274
2878936654
2857902882
2638444297
2756630145
2533026625
2787469884
641044963
2530405204
2695104895
2771403403
2556804199
2901543838
2894288141
2624592731
2901563521
2578709548
2642513217
2518160997
2709408320
2834200017
2588732454
2800301725
2642511666
2532897546
2631931025
2881941252
2540664420
2630665199
2695798973
2800340706
2630880288
2881941340
2722161945
2889405451
2668669206
2583136966
2639565801
2818058901
2532313454
2899582950
2936851896
2936853688
2936861969
2938032969
2938103227
2940205330
2940309401
2940313238
2965290777
2965309078
2957361543
2958418405
2961286694
2961301084
2961305648
2961319513
2890181590
2800578961
2826442207
648889607
2898777582
2920707259
2914703778
2914703781
2800230898
2661340879
2661342295
2800453371
2800602084
2630702358
2893972271
2675891011
2890905334
2514913441
2667250780
2629204005
2574374034
2829089290
2513160394
2586320374
2696491411
2885360715
2513141552
2696493933
2924842973
2841322115
2636578085
2800577935
2587092411
2514582350
649892338
2652747616
2698976880
2628374698
2661260782
2837668907
2858661306
2807331610
640784067
2836901024
2538173991
2920426343
2814154138
2924869363
2683329839
2800610742
2752657800
2653799110
2563279236
2570546703
2841244647
2904849423
2837007250
2698265824
2886456858
2921128235
2799516824
2694875916
2886455430
2858652424
2820755574
2524924516
2878925149
2672269927
2670097389
2800583018
2709436382
2585090958
2716724850
2845951550
2873660794
2570870753
2600721471
2687811901
2887155953
2635659251
2899595586
2709179730
2910888671
2705666225
2812540919
2891146456
2587796926
2509272649
2800979283
2854173627
2812943785
2709398020
2589958755
2657056875
2840545529
2800556515
2517626359
2770902271
2812686419
2562335309
2621285947
2832174587
2589980442
2624542247
2643250462
2775977510
2648182666
641246627
2709473524
2835002586
2849603803
2785464119
2820761795
2678981310
2800533111
2815840125
2926654806
2801048730
2596268527
2617738975
2799471576
2839930729
2800489520
2923980360
2820007441
2789959813
2827971364
2606407515
2858643953
2870953633
2709414974
2608637145
2800366858
2668149646
2914735189
2800437871
2518189890
2832943109
2916293582
2789717165
2910992048
2507209793
2628269788
2801013103
2843226206
2721978324
2503525027
2870936445
2924855862
2647385251
2668881294
2835151455
2758506295
2669303821
2820749789
2791895133
2510129114
2531218285
2849605032
2731884114
2599669556
2519068402
2924000086
2520594631
2658330513
2903666823
2536972330
2663170815
2800507011
2695043471
2713210253
2600890521
2705703671
2570813472
2800397191
2624734684
2624735086
2606419349
2914736838
2709332600
2921981912
2823183052
2713209922
2708445995
2700127452
2884084169
2834505593
2915853739
2531210413
2519065369
2675273743
2890516541
2743239388
2801025267
2595380926
2663505704
2752683277
2800431751
2814684789
2814134477
641003015
2873674363
651595938
2800539290
2632348638
2829371373
2657515938
2904815070
2845955707
2758052094
2667339694
2657517152
2692734180
2537646392
2881444750
2698263726
2833573163
2921971304
2927245725
2793214278
2843550546
2861594824
2844365914
2924875425
2664235620
649671046
2800324991
2629911492
2787675034
2735966573
2815332855
2795853646
2740990742
2879393756
2808080110
2815204170
2657771948
2588098917
2920050143
2578755675
2844364107
2771998981
2914283190
2921975908
650259083
2561448844
2798799458
2530574235
2569390183
2921968090
2509406029
2855575756
651556374
2506402013
650868780
2572165705
2509745021
2850632377
2915903713
2890413008
2901399312
2870947308
2887681272
2599218013
2698310166
642182723
2898041191
2714065528
2713329326
2570117175
2812416130
2914705343
2538167938
2849615131
2936843898
2936844666
2936894593
637559553
2640396848
2938069307
2940215782
2940320866
2940332268
2965298728
2958356880
2958412385
2961334310
2961350749
2657077966
2887143261
2589949240
2630629870
2695988861
2621196783
2912123947
2710580392
2758047382
2578769628
2800557657
2820452388
2924877255
2904877283
640453674
644147502
2829191051
2730233144
2586115558
2752642037
2915907802
2812473932
2920168637
2535592233
2799597121
2799449815
2876097024
2832277591
2757441351
2652746466
2910997601
2914433379
2847369635
2713384529
2800598843
648812021
2920996535
2895407466
2852227599
651580821
2845941263
2920425979
2836883884
2582792457
2868512939
2692610500
2799448404
2920453183
2868516985
2915860172
2839648556
2898787827
2889392860
2523332700
2587301183
2578750849
2815214441
2578781987
2588668209
2771860853
2910040421
2914158093
2565670622
2815232588
2587024029
2687861085
2889390251
2873691017
2657195301
2709399891
645277242
2705676885
2578765232
2651291592
2595569365
2662167585
2775969747
2788315324
2788447732
2823230792
2709176524
2771984967
2832981802
2839637398
2703700831
2845961303
2689565155
2587807607
639206659
2820792526
2503596484
2656545532
2587105000
2915153802
2914750218
2832175033
2846829248
2722071461
2657155771
2531206055
2589918869
2709276972
2800523530
2799471431
648809782
2801054834
2514716908
2800990389
2515265615
650004238
2904855951
2836859056
2913823142
2617926753
646081302
2513164552
2874497294
2588611044
2789029145
2533020999
2709329872
2916277019
2608493023
2914745305
2911006799
2848343508
2517816779
2578674971
2787475137
648904788
2527538255
2771325128
2832377155
2832377980
2873682095
2771478979
2695027061
2800357096
2513173054
2578684847
642668514
2538518458
2801001113
2836701210
2531219270
2599662855
2587008160
2887058885
2801074845
2595571918
2668986077
2901568873
2921981665
2793197562
2638993278
2727845978
2889383870
2895261088
2714073960
648127242
2511473434
2511473986
2911764820
2911766812
2800527376
2523274209
2659157412
2800502093
2800584052
2800309693
2800485368
2904826774
2721983139
2898053163
2843552606
2623434449
2547479297
2589907971
2587767369
2587026144
2800529710
2617726760
2870942166
2667338096
2791115649
2656281539
2612269887
2847364740
2628926717
2910743767
2858657638
2562556720
2515366013
2801027571
2876093717
2814013998
2847186384
2657162020
2833571545
2828616657
2831517228
2776462272
2854183813
2587816513
2583955780
2517109313
2800294643
2815307370
2889783950
2657773135
2628096775
2771405035
2599017167
2752655197
2698101602
2677930609
2830046334
2587032834
2512369905
2800510988
2756631618
2914757085
646236189
2559433844
2800302738
2752855084
2513184777
2758425671
2578744541
2800500053
2695797528
2924011554
2913969919
2504824003
2657081906
2756902721
2936833298
2936871271
2936890122
2936909491
2938044969
2938050076
2940201431
2947465966
2965228748
2965257105
2965277969
2965308653
2957363699
2958368331
2958448248
2961336214
2961343454
2588182385
2913829541
2924024486
2722142817
2558319614
2861516922
2597416646
646085599
2801068375
2709243455
2920310136
651540215
2868206574
2814016446
2771371686
647058535
2858651499
2855580189
2718345435
2657171821
2771486044
2519889139
2901120020
2624629187
2881681630
2522513307
2515438862
2800328148
2835178296
2898069862
2617725620
2664122275
2578797535
2904864564
2771374168
2720325539
2577232934
2674573025
2547587961
2651082937
2793220805
2569726305
2578704839
2922324602
2920453180
2658335523
2820433219
650266110
2834304661
2636405474
2921114595
2535711197
643447592
2513145331
2649072503
2920173999
2856683960
2913964516
2841181994
2898789731
2515342974
2515343045
2887159460
642727199
2800473831
2558258137
2904831881
649704382
2696964035
637150238
2901593862
2791065151
2881253243
2740063585
2502432774
2800383140
2705666230
2891148371
2523292449
2915846705
2509426626
2563787000
2657224237
2820794871
2509599066
2898778173
2523295701
2868225930
637228814
2722138722
2659023669
2647785459
2724895681
2800414406
2800520396
650191241
2788451008
2666856475
643042661
2628100803
2880996506
2844126456
2666857577
2801049502
2812683018
2914418991
2807947079
2694867666
2587825212
2920573220
2815842079
2513150188
2920574477
2915156713
2789741141
2709441677
2697547631
2792481279
2801054222
2515339741
2515341540
2628100457
2697550193
2667318716
2920989555
2608637561
2920469919
2632387016
2843320538
637262766
2820772736
2833541239
2839922041
2575545742
2874491725
2617737092
2509839287
2915902272
2882220331
2799085262
2847360258
647454423
2861677014
2651656872
2571839349
2587858411
2914261887
2587110906
2836886000
2800446236
2879384685
2775941004
2589964331
2695025877
2801012492
2624739553
2742545500
2837708660
2677598948
647988361
2509839653
2618724248
2640625746
2915915230
2812422137
2873697822
2904893486
2801002433
2836701214
2514910488
2578678180
2623518316
2503631508
2739814331
642197272
2526283549
2846824065
2890660415
2800550239
2910223495
2533004453
2668984604
2805543453
2721387741
2914736833
2832630867
2801075900
2832629376
2841315773
2712161422
2914747803
2837220719
2739812662
2558269978
645482717
2575552611
2646539257
2844981177
2789025810
2718502187
651364887
2538612610
2624544480
2510278511
643373615
2883816537
2519034445
2558936988
637769471
2569097999
2597444763
2589912562
2514223250
2587667383
2727847002
2847190168
2870962922
2657889615
2517581649
2800332825
2874493981
2814134348
2537645482
2821860512
2821862162
2841431393
2556847735
2589901748
2599022664
2927246900
2893936028
2650496984
2914718776
2884102345
2512481665
2789747266
2549845258
2617932267
2735964901
2735965080
2657021073
2792423708
2840787869
644721486
2666117728
2558949904
2834302887
2868205899
2665122090
2891773399
648162498
2787469951
651358121
2848003855
2837090114
2800316684
645659678
2516070746
2889398875
2504585967
2914423574
2897635553
2514902908
2765563571
2752595649
2693156918
2670656379
2264981966
2868552592
2921121192
2789344220
2920042040
2785481000
2800956538
2876083129
2682055832
2914711959
2887343804
2887347952
2574348916
2936393465
2936822524
2936886272
2936902521
2887347958
2938025123
2938074448
2938110643
2940197676
2940305591
2965247056
2965283304
2965288376
2958373889
2958393716
2958444219
2961311077
2961360803
2599667316
2921101443
2834294829
2834296048
2588079393
2695990579
2793218306
2652499536
2536935481
2808096193
2716730667
2789506182
2558940190
2839800241
2533134151
2873690075
2924023260
2524231001
2533008365
2879404439
2744035874
2611743616
2617723009
648896206
2565664559
2843596277
2855571387
2846831858
2924830065
2636578616
2868534357
650527481
2841429652
2834097231
2890300058
2538506762
2868212462
2752677181
2795697543
2800598166
2513131365
2574149193
2598530773
2920478410
2695063115
2916293065
2876077514
2800610859
2503903212
2836880833
2843223066
650043523
2800228962
2800514291
2558722322
2800337015
2719165652
2737734238
2815891137
2579597533
2533131206
2800607731
2834198838
2800535046
2921116187
2505393983
2793232269
2882228797
2878927435
2828261222
2264996479
2623272290
2540877316
2657196339
2600720197
2790441113
2861203900
2847362607
2588506004
2832485621
2578739433
2596293995
2893955284
646736360
646736752
2698787643
2698788847
2758660082
2928402917
2517400782
2800594063
2920466292
2800506604
2861191968
2510124787
2657056334
2543316136
2648050356
2835708332
2799656454
2858642046
2533019450
2801093470
2882409542
2835710407
2565674334
2576853468
2858647222
2536942603
2596267622
2578723843
2771985205
2596706712
2531206963
2624896862
2752680665
2811557386
2800331480
2800331635
2588184483
2911232061
2515397207
2906446003
2708497130
2898048612
2815085542
2663144652
2800602923
2836859575
2800409398
2631934778
2898032047
2774689809
2567262980
2815836230
2820747804
2839919297
2920487734
2904882627
2800434480
2634112054
2922326955
2663915361
2561495342
2620494796
2628270946
2603584902
2705663548
2914745301
2575210801
2709193019
2800516955
2893944165
2601480786
2922350376
2835154221
2632640396
2755814057
2780286397
2901537587
2911002063
2588252295
2731273868
642793668
2800509065
2526062240
650009356
2922357584
2524909753
2563718881
2800443151
2895257866
2653802292
2834289898
2558270778
2577933216
2889812850
2847177278
2800307052
2617730670
2800487205
2838559967
2516938116
2857938140
2832413787
2620653574
2895267137
2565658245
2801024880
2663504575
2854188998
2833532268
2837005327
2589940143
2854162823
2884624813
2915884634
2916284261
2608627317
2608627596
2789742379
2808098060
2537645762
2868545602
2890646403
2857926109
2917748978
2617186028
2601091818
2801096923
2510411657
2901556209
2722060369
2721962425
2650501988
2515808414
2524342000
2800325246
2841190300
2566057544
2800296229
2869004925
2843605128
2533015154
2523918374
2701166165
2568943675
640764458
2587031588
2572333638
2558949357
2828616336
2849634218
645282701
2538035154
2512542986
2571945170
651558513
2800548881
2728085291
2868228360
2920474017
2870954890
2515347691
2800549429
2868223525
2721956887
2581000528
2910553671
2642513190
2904939016
646718242
647457540
2879374852
2820767825
2624592319
2509579625
643096724
2920268190
2839416120
2861375593
2791970654
2576067738
2799462550
2657059670
2705710833
2800234639
2839507993
2936825937
2820777557
2800421125
2938034085
2938039739
2938063004
2938080513
2938113423
2940217511
2940317099
2940324623
2940336104
2940348123
2965271443
2965302104
2956938640
2958396755
2958416794
2961284711
2961345705
2914163307
2588181813
2539668940
2833457187
2523288349
2792163310
2808298124
2800605875
2800606078
2565699480
2621196169
2568529530
2815189598
2558938577
641384852
2597417070
2890604805
2890023701
2578775567
2898046244
2858660241
2921109305
2917683888
2589966508
2868209080
2647781764
641231571
2718341292
2891789562
2774683002
645646065
2800557822
2841226568
2914252175
2904844004
2893962371
2515389520
2756681201
2587175770
2920489864
2807326949
2844810589
2857908462
2890213791
2873666576
2639559950
641543068
643423201
2658357939
2612574347
2800375725
2894971314
2914249020
2752976774
2656980677
2889645967
2519894969
2578699444
2800574156
2550859610
2611756331
2855540151
2800535647
2904866663
2828653483
2914740071
2800355312
2800459390
2789089280
2588161285
2537824194
2705660313
2845960123
2589942736
2922355553
646220306
2904860504
2696962790
2868211372
643123031
2543312778
2800474408
2842671555
2624607777
2800971963
2837230224
2647686379
2532793818
2801059197
2801060271
2539685714
2578802448
647442846
2820755220
2563786953
2913960567
2569442479
2868203160
2588626449
2800594934
644360557
2911609282
2921099881
2901576285
2589923717
2860175680
2578714278
2913813582
2897455110
2536069701
2911000432
2832252966
2714069320
647986500
2914750228
2868220111
2543317202
642654649
647877593
2901573373
2818062755
2837607956
2617934221
2576853500
2800305040
2800533242
2623533419
2657156409
2531209023
2577547204
2815931299
2800986958
2709405408
2624894909
2800425323
2558681887
2800991407
2506408023
2658015638
2514403694
2685131193
2901532463
2876071846
2843323403
2600966873
2808091000
2514260463
2514338989
2638553225
2722150942
2633476601
2916282442
2914723779
2517518797
2663912893
2919895050
2899591667
2780288210
642812258
2922344444
2730342746
2695026002
2887604383
2603583472
2813258090
2624745122
2868529551
2870968177
2879366278
650851467
2705036588
2914273682
2841273467
2589935777
2570751015
2595353646
2833438059
2895278678
2923985842
2515414580
2524910327
2884243116
2903667138
2657675221
2638993257
2514205206
2898038043
2705678373
2669334340
2890428704
2801090073
2583022629
2886463884
2846392104
2776022163
2638992544
2712158009
2601477871
2889685566
2705670406
2883844053
2833477896
2558728975
2534707514
2800311015
2807244108
2513179850
2879409267
2623433269
2532799774
2658333958
2612349676
2917712182
2587118664
2758618269
2882158602
2820770206
2844983181
2657891211
2512416754
2596804180
2814135812
2800338421
2789707345
644168385
2915879005
2648912707
2532994275
2728040233
2837445276
2651318567
2801081968
2914718780
2847367715
2806876409
2756398028
2573828630
2515347817
2800509904
2798798605
2920045580
2909749583
2514293644
648785094
2914383541
2901549388
2855574762
2638589488
2914078025
2631932223
2921087018
2800552543
2868527484
2890635931
2600883825
2587148649
645626642
2589891394
2829181682
2628491010
2920993527
2879369413
2914162737
2936838794
2936864702
2936897895
2716587584
2689544871
2938093515
2938102454
2940301789
2965240002
2965262024
2958388089
2958403640
2958424576
2961322503
2961327487
2964289339
