gene	ec_5_4_99_2	
639765758
639776401
640453446
640768844
641246622
641301753
641301754
642199515
642199516
642643867
642727416
642796084
643095477
643119234
644789785
645281277
646081307
646214741
646230153
646236003
646432526
646433071
647362023
647876942
647886720
647890817
648127883
648162502
648330731
648785087
648785525
648895835
649774552
649774553
649965884
650004137
650042184
650524254
650868734
651596083
651622861
2504956586
2265002128
2504824407
2509272645
2509406035
2509598562
2509691299
2509825035
2510278507
2511529375
2511543431
2511589812
2511633116
2513134200
2512371538
2512544777
2512721458
2512791116
2513128997
2513140599
2513149835
2513174378
2514582352
2514295382
2514340100
2514403690
2514457138
2514712086
2514906594
2515403994
2515408832
2516140774
2517109524
2517246482
2517518801
2519000748
2518588158
2518589064
2519894616
2523095300
2523274216
2523287804
2523292695
2523292696
2523474367
2523901440
2523919955
2523792395
2524208193
2524342230
2525160879
2525874087
2526205501
2526282215
2526283554
2526283555
2529394969
2530651402
2530651403
2531218713
2531218714
2531856930
2533008992
2532704872
2533051050
2533057418
2533074918
2533131813
2533133662
2533134157
2533459777
2533461377
2533480893
2533891918
2534025083
2535709130
2536966913
2536966914
2537172849
2537642315
2537645842
2537645843
2537868987
2538754964
2537915267
2538227810
2538521485
2538613267
2538757127
2538766669
2541377575
2547478433
2550858840
2550334023
2556804667
2557096796
2558268990
2558946024
2559205965
2559726516
2559779818
2559779819
2561352750
2561381003
2561447816
2561999173
2562177591
2562179216
2562315447
2562538535
2562556714
2562624674
2563277883
2563718875
2563786948
2565592859
2565672015
2565674911
2568914433
2568914434
2569098501
2569442965
2570117645
2570322004
2570547431
2571247121
2571839864
2572334142
2572342609
2573194198
2576019765
2578694809
2578735012
2578756174
2578782603
2579645958
2579646905
2579647112
2581000023
2587025316
2587033135
2587807612
2587825228
2588182391
2588623927
2588635124
2588635125
2588639737
2589891957
2589902413
2589913085
2589924190
2589924191
2589936349
2589976591
2595381643
2595569370
2596294911
2596388077
2599017172
2600723196
2601093806
2603582677
2603583478
2606594656
2608627592
2611758293
2612421689
2616432021
2616432022
2616856311
2617736016
2617925858
2618101932
2618731821
2618731822
2619191315
2619346790
2619491971
2620341991
2620343090
2620991036
2621131955
2621196163
2621196164
2623433274
2623433275
2624323407
2624786143
2628100545
2629788156
2630703518
2631434912
2632640410
2633265357
2633623329
2633623330
2634113684
2635123735
2635986725
2636954832
2637468441
2638280795
2638443459
2639557635
2639562320
2640688629
2641259031
2641347706
2642513196
2645984049
2645984050
2647686125
2648912576
2649072398
2649569729
2649824876
2649824877
2649860911
2649952739
2649967906
2650501396
2651201819
2652501387
2653802287
2654346249
2656980682
2656985191
2657046006
2657060510
2657151453
2657152629
2657155774
2657161796
2657169479
2657771942
2658017208
2658328707
2658333953
2658337367
2658356087
2662980489
2663233242
2666117733
2668149650
2668751779
2669106236
2671942881
2672000697
2672000698
2677515408
2684069682
2684069683
2686729635
2688063652
2689565161
2690005189
2691734930
2691735725
2696962796
2698101606
2698263722
2698308877
2700128190
2705032391
2709417709
2709274190
2709399385
2709409151
2709412724
2709417710
2709471139
2713816187
2714066672
2716729934
2718502856
2718807079
2719602969
2720325534
2720445238
2720458024
2721575263
2721886923
2722064161
2722138673
2722134421
2722162706
2724331333
2724895420
2728046642
2728369091
2729238563
2730233604
2732148349
2732287747
2732730589
2735964610
2735964611
2743239390
2745921429
2746365583
2752666471
2752854988
2752951220
2755814052
2756681198
2757441346
2758046184
2758424140
2758505465
2770902277
2771371056
2771401504
2771405040
2771478985
2771998985
2774746337
2775101044
2775101045
2776022157
2776462263
2780286280
2785464113
2787570497
2789026959
2789503539
2790375561
2789708794
2789708796
2789742375
2789742376
2789747269
2789961572
2791257816
2792054201
2792162780
2792163306
2792481966
2793206662
2793213365
2799084696
2799471581
2799471649
2799597119
2799640818
2799656448
2800228968
2800306895
2800328038
2800332858
2800356204
2800366861
2800431754
2800453375
2800460539
2800460540
2800498424
2800500829
2800506608
2800507007
2800540199
2800579034
2800581703
2800584299
2800584300
2800598169
2800971635
2800977226
2801013099
2801013100
2801054830
2801054831
2805541392
2806222965
2807244437
2808094852
2808099163
2810591732
2811559172
2812474282
2812542935
2812684929
2813260153
2814013257
2814016442
2814018317
2814133299
2814149164
2814149932
2814726173
2815113278
2815189605
2815214447
2815836223
2815840633
2817486732
2820007436
2820597863
2820744345
2820756848
2820770559
2820789685
2820793902
2820797557
2820808491
2821862175
2827971366
2828262142
2829181689
2829189055
2829345750
2829430865
2830048157
2832377974
2832824047
2833539769
2834287587
2834758690
2834842325
2834916831
2834916832
2835001728
2835214351
2836679562
2836700610
2836701058
2836811003
2836837195
2836901027
2837230222
2837605968
2837710921
2839016996
2839416059
2839509297
2839929277
2841276120
2841316054
2841429694
2841779680
2841832927
2843226159
2843599499
2843607003
2843607004
2844807509
2844982490
2845834591
2845952536
2845961527
2846818555
2846831811
2847187306
2847189549
2847220192
2847360202
2848938867
2849163704
2849621789
2849636125
2849643475
2850493547
2850499128
2850505340
2851546594
2854176015
2854207822
2855390772
2855981862
2855540407
2855582290
2855961410
2856684952
2857900907
2857931681
2858642486
2858655538
2858655539
2858656578
2858660978
2858975578
2858996066
2860176613
2861677009
2862034701
2862084696
2865304993
2867427907
2867483360
2868206564
2868211341
2868212468
2868212469
2868213941
2868220105
2868220123
2868221841
2868514851
2868533191
2869110885
2869741744
2869747387
2869756465
2870952620
2870925972
2870970090
2871370856
2871383237
2871383238
2872046642
2872046643
2873559457
2873662363
2873670314
2873692045
2874037987
2874497291
2874821703
2874824453
2874834372
2876296101
2876310150
2876313475
2878421826
2878676077
2878670841
2878678029
2878927432
2879369603
2879381390
2879383450
2879410654
2880956621
2881712716
2882060893
2882158596
2882158597
2882407797
2883650363
2884086318
2884236962
2886507277
2887142003
2887142004
2887347409
2888472506
2889323956
2889323957
2889384629
2889390484
2889393507
2889551801
2889883467
2890024734
2890181308
2890429755
2890605558
2890638031
2890905331
2891499021
2891787487
2891787488
2893941888
2894002940
2894288599
2895257869
2895263006
2895263008
2895267141
2895269154
2898034676
2898045606
2898048251
2898048252
2898058217
2898778180
2898789370
2899580702
2901075794
2901166382
2901397000
2901581577
2904831246
2903667141
2904871839
2904875177
2904880507
2904892613
2910222600
2910743772
2910743773
2910851725
2910851726
2910981372
2910992051
2910993623
2910997605
2911000435
2911007482
2911230848
2911609155
2912132589
2913813263
2913961127
2914132274
2914246031
2914256895
2914419667
2914704523
2914713557
2914713733
2914735530
2914735969
2914738402
2914740813
2914749498
2914751866
2914751867
2914759173
2914759174
2915157068
2915173419
2915882484
2916284746
2916284747
2916407113
2917683264
2920046191
2920159097
2920159851
2920203752
2920268144
2920454135
2920466802
2921976019
2920992037
2920995242
2920995243
2921095161
2921105437
2921133574
2921974986
2922324242
2922324243
2922331712
2922349539
2922354476
2922360335
2923744742
2923977852
2923986533
2924010994
2924018250
2924020774
2924829377
2924839320
2924854881
2924875969
2924880742
2927245720
2936393460
2936836555
2936847580
2936854586
2936859913
2936881932
2936882299
2936890458
2936891713
2938032332
2938044104
2938059311
2938067733
2938081955
2938081956
2938092282
2938108432
2940308351
2956935546
2958412201
2958415387
2958441935
2958446577
2961858917
2961866407
637118480
637560069
637769327
640760434
640766585
640766586
640770128
640785409
640895120
640895982
640896432
641003374
642643866
642668494
643193253
644133645
644147030
644341738
644360551
645482837
645482838
646033341
646085604
646230152
646288386
647439876
647366138
647438968
647886721
648093132
648237675
648237676
648811951
648881656
648890650
648895836
649640500
649671041
651117026
2503631513
2506401975
2504585962
2505286002
2509273824
2509581043
2511609487
2511676043
2511563593
2511587507
2511689692
2511775252
2511814717
2512460904
2512481674
2513159688
2513184297
2514223873
2514223946
2514404715
2514906595
2514911306
2515267550
2515339005
2515394205
2515400407
2515400408
2516070751
2516125507
2518588159
2518596164
2519065364
2519068473
2519482153
2519894617
2520593791
2521588770
2523095299
2523333657
2524908527
2524923562
2525404183
2526205502
2526241984
2531796321
2532896186
2533014571
2533029028
2533053560
2533053561
2533063282
2533466422
2533474090
2533474990
2534208640
2535525862
2535592279
2536071713
2537871127
2537907825
2537913254
2538026534
2538156676
2538168315
2538203999
2538206310
2538212129
2538212520
2538218925
2538480759
2538521486
2538766053
2539269628
2539670763
2539868903
2540183669
2541374200
2541404567
2541439712
2541439713
2541453113
2545531920
2545543332
2547284227
2549845689
2551300823
2551300824
2556847740
2558258132
2558730547
2558719042
2558936562
2559722664
2559729252
2559731930
2562556715
2563194147
2563277882
2563721216
2565667064
2565952106
2568530239
2569065468
2570547432
2570814026
2570871257
2572342610
2575211325
2575553229
2576844229
2578724329
2578735011
2578740127
2578756173
2578770159
2578792996
2578802924
2579646613
2582792198
2582792199
2585864167
2585954075
2587033136
2587173829
2587667377
2588079850
2588161290
2588184477
2588184478
2588506010
2588668203
2589902412
2589919337
2589919338
2589974015
2589974016
2595353940
2595401957
2595582535
2596388239
2598530731
2599669551
2600720869
2600723197
2600884243
2600894189
2600966878
2600969567
2602610717
2603583477
2608493412
2611745254
2611745255
2611758194
2611758292
2612421688
2617737867
2617932266
2618735596
2619346791
2620986607
2620991035
2621282701
2621282702
2621288131
2621289221
2623518591
2624542901
2624721281
2624746256
2626526434
2628100547
2628807892
2629817131
2629817132
2629910331
2630435417
2631932422
2631934793
2631976615
2631976616
2635656691
2636421930
2639559956
2639565170
2639969933
2640396843
2640626116
2641259032
2642123559
2642123560
2642258086
2643250456
2645729677
2646540289
2646540290
2647100859
2647100860
2647385258
2648181992
2649636840
2649860910
2651081142
2651658171
2654346234
2655218426
2657003814
2657019384
2657076083
2657184589
2657196342
2657196343
2657674063
2657889610
2658331790
2658333952
2658357944
2660291440
2661340884
2662444158
2664120183
2668432892
2668751780
2670656374
2671499531
2671942880
2677092517
2677439314
2677596707
2677596708
2678540739
2682317498
2687809163
2689544937
2691920546
2691920547
2693739865
2694059088
2694863893
2694957839
2695043467
2695043468
2696471103
2696491416
2696713102
2697359511
2698264843
2698264844
2698788852
2700128191
2705032390
2705615190
2705636477
2705638799
2705666234
2708445848
2708497135
2709243460
2709332983
2709335515
2709372765
2713249821
2713328938
2716589183
2718343404
2718343415
2718654254
2718807080
2718989453
2719037778
2719186146
2719398806
2720325533
2721375404
2721501044
2721575262
2721614993
2721984991
2722066593
2722066594
2722072209
2722161951
2724895542
2726247351
2726257916
2728372731
2729238562
2729838321
2730128779
2731879237
2731882566
2734492586
2735538155
2739410943
2740990737
2740992961
2745707602
2752614382
2752614383
2752649117
2752657194
2752657195
2752666469
2752684001
2752684002
2752849931
2752849933
2752852831
2753773517
2753778067
2756398023
2756407742
2756630732
2757441345
2758046183
2758662830
2771323650
2771371054
2771401506
2771478974
2774689290
2774787079
2774953191
2774963545
2775977515
2787469794
2788450855
2789088168
2789343298
2789343300
2789717168
2789736662
2789741138
2790093303
2790099919
2791165639
2791255081
2792054205
2792423702
2792562259
2793210788
2793221231
2795853649
2799471648
2799515905
2799656449
2799656924
2800225777
2800230650
2800304692
2800357092
2800397187
2800420079
2800422518
2800427652
2800446618
2800453374
2800475499
2800475500
2800489515
2800498423
2800518539
2800519999
2800523509
2800533245
2800533246
2800550236
2800577790
2800579035
2800602712
2800605879
2800611356
2801059194
2801090070
2801094693
2802715402
2805541391
2805746027
2806222966
2807596284
2807596285
2807803625
2810591733
2811559173
2811559255
2812405146
2812423201
2812943791
2812987410
2813030444
2813030445
2813622215
2814011469
2814018234
2814018235
2814133298
2814149077
2814726174
2815085108
2815190202
2815204731
2815309364
2815333273
2815836291
2815842819
2815891834
2817573636
2818062400
2820433212
2820742006
2820752640
2820754848
2820770558
2820793152
2820808492
2823183538
2823230798
2827971367
2829060864
2829267567
2829344128
2829431136
2829431137
2830048158
2832175028
2832413782
2832571512
2832630847
2833505413
2833537199
2834095707
2834294823
2834302892
2834302893
2834304470
2835002581
2835151450
2835176291
2835214352
2835224172
2836812027
2836817215
2837018845
2837091227
2837444128
2837445272
2839016997
2839018975
2839509296
2839637729
2839800237
2840547408
2840787376
2841245938
2841530248
2841835254
2843121067
2843223022
2843318996
2843320725
2843320726
2843599500
2843627670
2844400114
2844808560
2844808561
2846818556
2846821066
2847176763
2847215240
2847215241
2847220191
2847360203
2848144090
2848149474
2848158035
2848940141
2850496017
2850502927
2850505341
2850575864
2851546593
2851554356
2852225111
2854182011
2854204217
2855574970
2855579677
2855585959
2857923165
2857936756
2857936757
2858660200
2858972707
2859552948
2861192341
2861756346
2862064762
2862064763
2865731367
2866951187
2868215954
2868202226
2868203167
2868209073
2868209905
2868213940
2868225426
2868225427
2868225923
2868228370
2868514852
2868517445
2868525695
2869006535
2869101577
2869101578
2869105441
2869741745
2869750923
2870939989
2870955955
2870961796
2870965648
2871372751
2871379828
2872057567
2872066276
2872068988
2873674312
2873679464
2873697950
2873699822
2874037625
2874043553
2874046099
2874051862
2874051863
2874055884
2874497290
2874834371
2877187614
2878423839
2878676076
2878927431
2879387820
2879387821
2879410652
2880956710
2880995799
2880995802
2880998449
2881941591
2882060512
2882409549
2883843177
2883942064
2884104197
2884243119
2884622520
2884631058
2884632487
2884632489
2886492822
2887149812
2887604387
2887681246
2887992354
2887992856
2889377624
2889407185
2889645923
2889784429
2889812847
2890024733
2890429757
2890571693
2890635936
2890635937
2890638032
2890665615
2893936848
2893949881
2897455654
2897635549
2897635550
2901394881
2901394882
2901537452
2901541999
2901543349
2904831248
2904849830
2904855552
2904863082
2910862577
2910981371
2910985938
2911764814
2912132590
2913505570
2913972918
2913989401
2914078683
2914127720
2914127721
2914271443
2914388811
2914419666
2914434213
2914706981
2914707158
2914719731
2914721665
2914722073
2914735932
2914736145
2914738579
2914740812
2914740849
2914741025
2914749710
2914751830
2914754236
2914756851
2914756852
2915154229
2915857306
2915915098
2917705802
2920039737
2920050048
2920203753
2920309342
2920309343
2920451557
2920991893
2921105436
2921133573
2921968094
2923979124
2923983689
2924027790
2924854882
2926656583
2926656584
2928325888
2931432765
2936852688
2936891712
2936902681
2936909332
2938027121
2938059313
2938063605
2938105981
2938105982
2938679462
2938679463
2938686511
2938698790
2938698791
2940205316
2940210985
2940323422
2957359362
2957369188
2958361614
2958365389
2958372843
2958382639
2958392311
2958412200
2958441936
2961302518
2961316583
2961317711
2961347848
2961868791
2961898375
2965240449
2965300140
2965307580
637262762
637263872
637983441
639755324
639776734
641003373
641232107
641383700
641383701
642654603
642668493
643042047
643042048
643095478
643423227
644133644
645627414
646085710
646742373
647455576
647456820
647876943
647898553
647986506
648203898
648785088
648812016
648905841
648905842
649704387
649917211
650004136
650009650
650009651
650190572
650191246
650266115
650608899
651370267
651558505
651580187
651595943
651626113
2264996299
2503899908
2503899909
2505393989
2507210194
2510127037
2510411651
2510279693
2511689693
2512028484
2512371539
2512414471
2512481675
2512541872
2512542991
2512542993
2513184299
2514261538
2514582344
2513797106
2514295381
2514403689
2514712085
2514901046
2515344416
2515388173
2515440494
2515440495
2516938262
2517120551
2517222195
2517245314
2517625878
2519033902
2523160683
2524910644
2524923563
2526282214
2530405197
2531211253
2531212964
2533576090
2532998712
2533018863
2533046518
2533059744
2533063281
2533065391
2533074917
2533470572
2533470573
2533482763
2534025082
2534208639
2535649445
2535709129
2536075382
2536299986
2537917978
2537642314
2537825729
2537859397
2538035149
2537913253
2538200063
2538294231
2538753202
2538757126
2538766054
2540068196
2540184931
2543164360
2543312356
2547478434
2557096797
2558233228
2558268991
2558319608
2558719041
2558946023
2558975555
2558975556
2559434242
2559583466
2559583467
2559721086
2559722663
2559726515
2559733585
2559781181
2561351562
2561351561
2561380250
2561999174
2562179217
2562208275
2562538536
2562625832
2563837090
2565674912
2565724722
2566280702
2566295123
2569098500
2569442964
2570322005
2570751500
2571945645
2572334141
2574052526
2574187693
2574348910
2574374425
2575211324
2576027831
2576068311
2577233680
2577233681
2578669667
2578680845
2578680846
2578690211
2578690212
2578699966
2578705349
2578705350
2578710148
2578765715
2579645306
2579646904
2581960658
2583020807
2583136955
2583954444
2583954445
2586115555
2587032062
2587110888
2587298131
2587797843
2587855959
2588512366
2588610723
2588610724
2588610807
2588637933
2588732259
2589891956
2589940009
2589940010
2589960423
2595381642
2595530714
2595571922
2595582537
2596256289
2596284580
2596388240
2596803003
2596803004
2597445238
2598509731
2599022669
2599022670
2599218020
2599218672
2601093805
2601477860
2601484819
2602604205
2603584598
2606419412
2606419413
2611756326
2612350367
2616856312
2617724539
2617728053
2617737091
2617759921
2617935505
2619191316
2623434444
2624740415
2624746255
2624793824
2624793825
2624896858
2628159784
2628490779
2628927895
2629202923
2629489795
2629815314
2630802218
2630463243
2630630884
2630630886
2631855155
2632348132
2632640411
2633476598
2633476599
2635123736
2635685796
2635685797
2636421929
2636578079
2637146534
2637714648
2639969934
2640688630
2642514990
2646857256
2647192462
2648181993
2648912575
2650497395
2651039397
2652746461
2653799115
2653802286
2654557884
2655217098
2656980683
2656985192
2657057571
2657084802
2657084803
2657151452
2657169480
2659489160
2661860011
2662002533
2663504581
2663912888
2664234298
2664235616
2667338102
2668149649
2668512197
2668512198
2668881288
2671499036
2677515409
2677930602
2677930603
2678639605
2682057814
2682315867
2683328033
2688032210
2692735240
2694863894
2696713101
2696931100
2697547636
2697547637
2698788853
2701212674
2703699845
2705660812
2705664475
2706127545
2707509811
2708497136
2709180324
2709274979
2709330627
2709471364
2709472515
2711596041
2711596042
2712158003
2712158004
2712158697
2712158698
2713329161
2713651548
2714066674
2714069323
2714073963
2716730673
2718656415
2718987581
2718987582
2720430953
2721387600
2721956893
2721976820
2722120057
2722120058
2722150571
2723591690
2724329009
2726247350
2726254765
2728039541
2729838322
2730233605
2730343200
2731270781
2732730590
2740062938
2740063443
2742642009
2752642032
2752852834
2753118872
2756631168
2756681199
2758424139
2758505463
2765563576
2770902276
2771405029
2771860857
2771862616
2771998000
2774689289
2774746338
2775941843
2775969855
2775981256
2780285368
2784407635
2785480995
2787476621
2787675028
2787887422
2788444794
2789088169
2789347817
2789503538
2789959550
2791064943
2791253464
2791970659
2792163307
2793202184
2793198449
2795725902
2798798648
2798798650
2799447236
2799461425
2799462554
2799597118
2799641312
2800226408
2800233801
2800233802
2800306893
2800357093
2800375721
2800415613
2800450821
2800472522
2800487209
2800489516
2800506609
2800510985
2800528514
2800574632
2800598170
2800603033
2800609948
2800991412
2801028023
2801083041
2801096919
2806953995
2807330770
2807803626
2807945655
2808077419
2808014398
2808014399
2810394666
2812474283
2812681845
2813503821
2813503822
2813602920
2814684794
2814013340
2814013341
2815113277
2815189604
2815204176
2815204732
2815206638
2820749647
2820760159
2820762908
2820772386
2820773287
2820777848
2821862157
2828262140
2828615668
2829266241
2829369825
2831517223
2832252960
2832461162
2832630848
2832824048
2833412876
2833439691
2833457181
2834196550
2834287588
2834507288
2834842326
2837091228
2838560013
2838787232
2839453251
2839637728
2840540854
2841059882
2841059883
2841189733
2841245937
2841276121
2841431442
2842669187
2843550220
2843550221
2843116727
2843226158
2843550552
2843553431
2843553432
2843841328
2844365534
2844521510
2844809827
2845957963
2845961526
2847124891
2847131398
2847161206
2847161824
2847177284
2847186378
2847190174
2847362564
2848146301
2848152988
2848343957
2848942214
2848944559
2848947071
2849616377
2849616378
2849636124
2849638651
2849646502
2850493546
2850510952
2850575865
2851557065
2852351376
2854167231
2854178470
2854182012
2854207821
2855103900
2855574696
2855963059
2855970167
2857900908
2857913607
2858648727
2858650919
2858981894
2858986034
2858992806
2858996065
2859559904
2859568646
2859573727
2860176612
2861203896
2861375590
2865304992
2867038807
2867483359
2868202227
2868206580
2868223531
2868225444
2868225941
2868228371
2868517444
2868532296
2869089835
2869089836
2869097141
2869099490
2869744180
2869759092
2870939988
2870947121
2870965647
2871364299
2871368630
2871377618
2872048617
2872059773
2872059774
2872068987
2872071222
2873665542
2873670313
2873679463
2873680326
2873689239
2873697949
2873699821
2874050104
2874824452
2876079167
2876089918
2876296102
2879369604
2879376877
2879405203
2881107254
2881107255
2881444408
2882228802
2882404879
2883367983
2883816531
2883942065
2884102348
2884102349
2884619687
2884622521
2886461848
2886464508
2886513139
2887347410
2888472507
2889398188
2889403042
2889624279
2889883918
2890413012
2890516544
2890733953
2891047339
2891499020
2891501523
2893955691
2893974304
2893974305
2894002941
2894004872
2894300907
2894971203
2895257027
2895410694
2895410695
2898031080
2898042824
2898063939
2898777199
2898779398
2899583995
2899597628
2899985277
2901532198
2901532199
2901541998
2901543350
2901562441
2904840446
2904846601
2904885200
2904887111
2904900275
2904900277
2906445999
2910553674
2910742779
2910851969
2910986480
2911002065
2912125799
2913281664
2914779842
2913954804
2913966816
2913966817
2914132275
2914158705
2914158706
2914161573
2914250845
2914261126
2914424342
2914444286
2914704558
2914706944
2914713520
2914713521
2914719555
2914735933
2914746840
2914748940
2914751831
2914752043
2914754200
2914756456
2914758767
2915888869
2915893182
2915893183
2915906813
2915911967
2915912481
2915919735
2916274505
2917530851
2917530853
2917718666
2920172657
2920215907
2920268146
2920453217
2920453958
2920471970
2920490811
2920990609
2920993520
2920996134
2920996135
2920998986
2921109640
2921123879
2921976018
2922349538
2923456160
2924031174
2924829378
2924880741
2928325731
2936390675
2936825304
2936847579
2936859914
2936867807
2936882298
2938027122
2938100896
2940195895
2940217391
2940304140
2940316132
2940371621
2957359363
2957369189
2958367526
2958395717
2958401086
2958401087
2958404560
2958408820
2961283705
2961289954
2961343916
2961347849
2961360930
2961858916
2961864152
2961874860
2961874930
2961886115
2965281146
2965300141
2965313297
637118481
637150277
637229266
637262761
639206726
639206727
639775401
639778152
640875098
640875520
641046194
642182293
642654602
644204289
645482722
645645847
645659569
646102289
646214742
646718884
647880074
647418131
648127247
648162501
650259295
648811950
648812015
648888200
648890651
649640501
649671040
649960882
651203003
651222141
651364234
651595944
651596084
651622860
2504956587
2504108160
2504586387
2504586388
2509101515
2509273825
2509406034
2509838475
2510122526
2510122527
2510278506
2511543430
2511589811
2511666257
2511723359
2512481659
2512541871
2513128996
2513144897
2513155968
2513168997
2514582353
2514715730
2514746446
2514901047
2514911305
2515222248
2515344414
2515362717
2516125506
2516140775
2517222196
2517400788
2517626360
2518602535
2518602536
2518158834
2518850947
2518853123
2519065363
2522513312
2523274215
2523287803
2523294199
2523478739
2524826599
2524826887
2525402412
2527538092
2527538093
2530198841
2531045322
2531796320
2531209019
2531831855
2531856931
2532692685
2532695554
2533005932
2533024673
2533029027
2533046517
2533056061
2533065390
2533459778
2533461378
2536064957
2536936839
2536936840
2537915266
2538168314
2538174655
2538183768
2538206309
2538216378
2538216379
2538225449
2538613266
2538762102
2538762103
2540068093
2540664415
2540806595
2540878132
2541311672
2541311673
2546819495
2546819496
2558233229
2558258128
2558730546
2558683501
2558936563
2558975550
2558975551
2559434243
2559771595
2559773989
2561380251
2561381002
2561495338
2561999920
2562335315
2562625831
2562671366
2562671442
2563194148
2563718876
2563837089
2565663093
2565724721
2566055950
2566295125
2569390743
2569726883
2570117644
2570751499
2570814025
2571236327
2571842472
2571945644
2574187692
2576844230
2576852295
2577005998
2577006000
2577548500
2578669666
2578699967
2578710149
2578740128
2578760906
2578765716
2578782602
2579646591
2581960657
2583136102
2586114768
2587120017
2587173830
2587796927
2587825227
2587855964
2588098973
2588512365
2588637934
2588668204
2589908500
2589943454
2589943455
2589950971
2589985400
2595570186
2595570187
2596284581
2596706707
2598530732
2599664697
2599710039
2600719016
2600720870
2600968712
2601480791
2602604109
2608493413
2610256137
2611758195
2617731953
2617758811
2617925859
2618735595
2619491972
2619872267
2621232491
2623434442
2623534105
2624323409
2624542243
2624542244
2624751874
2624786144
2628453326
2628490778
2628807893
2629815315
2630665509
2630878852
2631323905
2631855154
2631934794
2632713816
2633265356
2633277701
2636578080
2640396842
2642510744
2642513195
2643252232
2646808025
2647385703
2647784289
2648609839
2649569728
2649982337
2650974657
2651318561
2653799116
2657060509
2657172772
2657184590
2657771943
2658328706
2659236815
2659837248
2659869981
2661259561
2663143009
2664234297
2668622780
2668999451
2670656373
2674240662
2674240663
2675274804
2677930848
2687155921
2687801198
2687809164
2687861571
2688032209
2688063651
2688454354
2688685075
2690003806
2693739864
2694059087
2694875296
2695105696
2695130267
2696962795
2697359512
2698101605
2698976874
2705670409
2705670410
2705676283
2705678814
2708445849
2709190863
2709190864
2709330628
2709332982
2709399384
2709406742
2709412725
2709419064
2709426815
2709441475
2709441476
2709459680
2709472547
2710579959
2713385075
2713651549
2713817379
2714067714
2714073962
2716651610
2718341296
2718343414
2718654255
2718669435
2719398807
2719933191
2719935424
2719980219
2720327165
2720430952
2720445239
2721579740
2721619824
2721972929
2722145199
2726252764
2728084740
2730128780
2731882567
2732152172
2732287748
2737735969
2743239391
2745707601
2745709264
2745709265
2745754278
2745921430
2752645935
2752854991
2753772027
2756630764
2756903137
2758052491
2758474830
2758618272
2758619398
2758619400
2765563565
2771986538
2774787078
2774953192
2775976962
2784407634
2785480994
2788318185
2789026960
2789028738
2790441110
2790441111
2791165638
2791253465
2791254276
2791257549
2792054206
2792423703
2793210789
2795697549
2795725903
2799084695
2799447235
2799597126
2799659707
2799659708
2800225778
2800228967
2800230651
2800294647
2800298319
2800311011
2800328037
2800337504
2800341898
2800353835
2800356205
2800410641
2800439885
2800472521
2800507008
2800518018
2800540198
2800550235
2800557642
2800594938
2800979429
2801001110
2801075895
2802221258
2802221259
2805465244
2807244436
2807330769
2807331617
2808077420
2808092985
2808299499
2810859914
2811557382
2812415239
2813275075
2813502855
2813525290
2814684795
2814011468
2814016441
2815233623
2815836224
2815840634
2817326250
2818064160
2820007437
2820368914
2820433213
2820531433
2820751922
2820755338
2820762907
2820798322
2823230797
2826440179
2829189147
2829372415
2831517222
2832173229
2832274802
2832377963
2833060961
2833412875
2833505414
2833567039
2833573158
2834304655
2834304656
2834758689
2834761227
2834761228
2834839328
2835154214
2835154216
2835178291
2835710402
2836701204
2836701205
2837230221
2837376123
2837445273
2837669716
2839507989
2839646877
2839922046
2841226563
2841526222
2841530249
2842669186
2843839216
2844521509
2844982492
2845952535
2847124892
2847186377
2847210198
2847217706
2847367756
2847369587
2848004450
2848144089
2848149475
2848152989
2848917064
2848918854
2848938866
2849606330
2850508541
2850632425
2851557066
2854190118
2854204216
2855390773
2855540406
2855571888
2855965784
2855965785
2855970338
2855975976
2855983383
2855986102
2855986103
2856684951
2857909190
2857918829
2858645030
2858975577
2858978409
2858985272
2858985273
2859558180
2859559905
2859575977
2861192342
2861243859
2861594924
2861754232
2862045964
2862045965
2865731368
2866960900
2867419733
2868203149
2868206563
2868211379
2868215938
2868220104
2868536853
2869003363
2869092997
2869092998
2869094709
2869107806
2869750924
2869759091
2869761301
2870947120
2871360373
2871372752
2874037988
2874054473
2874055883
2874493984
2874821704
2874827574
2874828995
2874832163
2876073333
2876080849
2876085547
2876085548
2876294224
2876297110
2876303539
2876305199
2877194792
2878936657
2879405202
2880998452
2881252202
2882228803
2882407953
2882409028
2882606667
2884134968
2884134969
2884243120
2884625641
2886454638
2886456505
2887154896
2887154897
2887158667
2889377625
2889624278
2889883435
2890216578
2890298516
2890516545
2890604803
2890646407
2890646408
2890733954
2890905330
2893949882
2893961057
2894004873
2895275468
2898045607
2898777200
2898789738
2901166383
2901551609
2901557032
2901570278
2901577467
2903631855
2904836869
2904840447
2904859799
2904863081
2904887110
2904892611
2904936805
2910553673
2910851968
2910880258
2910889018
2910889019
2910894620
2910978572
2910983205
2910992050
2911609276
2911609277
2911764815
2913861300
2913954805
2914123086
2914136957
2914136958
2914246030
2914261127
2914266484
2914388810
2914704119
2914704735
2914719554
2914722072
2914724561
2914724738
2914746841
2914746877
2914749533
2915157069
2915173420
2915902815
2915906812
2917683265
2917718665
2917746561
2917746562
2919895606
2919901247
2919901248
2919930796
2920039736
2920050049
2920159064
2920169045
2920425974
2920451592
2920451593
2920462975
2920487202
2920700327
2920989561
2920991894
2920996528
2920998738
2921097708
2921109639
2921123878
2921974985
2922326997
2922354475
2922360334
2923977851
2923986532
2924000934
2924007308
2924027791
2931435203
2936820051
2936854585
2936902680
2938040754
2938040755
2938044105
2938063606
2938108433
2938114941
2938676726
2938689155
2940205317
2940300332
2940304139
2940312190
2940323423
2940327009
2940346830
2957372185
2958372842
2958420170
2958428127
2958432308
2958439114
2961296296
2961310251
2961316584
2961329995
2961350799
2961866406
2965229021
2965247885
2965260399
2965277458
2965291924
2965298504
2965307579
637263871
637521343
637521344
637769328
637983030
639754560
639778153
641046195
641246621
641387733
641542205
642727415
643373620
643373621
643447591
644341737
644359920
644738055
644789786
645277698
645277699
645281276
645482723
645627415
646219203
646236002
647880075
647058530
647058531
647438967
647988368
647988699
648093133
648127248
650259294
648785526
648888199
648911797
649960881
650191247
650266116
650267651
650852849
651117025
651364235
651541990
2264983411
2505393988
2506403965
2509101516
2509691298
2509838474
2510411652
2511609488
2511615100
2511676044
2510278110
2511472079
2511563592
2511607100
2511633117
2511723360
2512481658
2512721459
2513125924
2513168998
2513174379
2514716916
2514204946
2514205742
2514330265
2514404716
2515222247
2515345748
2515345750
2515388172
2517245313
2517246481
2517518802
2517582967
2519888353
2523333656
2523478738
2523753733
2523901441
2524209609
2524343074
2530219741
2530575270
2531209416
2531218592
2531831854
2533008993
2532896185
2532692686
2532695555
2532704873
2532793366
2532801122
2532998711
2533018864
2533056060
2533071444
2533474089
2533474989
2533479298
2533482764
2535525861
2535570819
2535649446
2536940574
2536968430
2537175358
2537175359
2537825730
2537852811
2538025103
2538035186
2538179681
2538212519
2538225448
2538294230
2538466094
2538480760
2538753203
2538760013
2539670762
2539686346
2540068197
2540184932
2540765171
2541474410
2543166525
2545531921
2547588313
2550334022
2555943292
2555943293
2556804666
2558319609
2559731931
2559771594
2561352749
2561448849
2561495339
2562208274
2562671367
2562671441
2563786947
2565657669
2565663094
2565667065
2567262583
2570819250
2570871256
2571136792
2571236326
2573827381
2573864994
2574052527
2576020282
2576068310
2576621884
2577415727
2577548499
2577933683
2578751403
2578714777
2578720107
2578724328
2578729009
2578788248
2578798017
2578802925
2579597679
2579646089
2579647088
2581000024
2585090953
2585954074
2586114769
2586115554
2586320368
2586320369
2587012866
2587023964
2587032060
2587106263
2587298133
2587855963
2588252300
2588623926
2589897702
2589960424
2589963555
2595380932
2595530713
2599017173
2599218019
2599662861
2599669550
2600966879
2601477861
2601483171
2602604204
2606407473
2606407474
2606594657
2612271698
2612350366
2612574947
2617749188
2618542415
2618725966
2620817592
2621288132
2621289222
2623518313
2624607782
2624607783
2624740416
2624749562
2628376244
2628453327
2629155948
2629202924
2629788157
2629819380
2629819381
2630435418
2630463242
2630629873
2631932423
2632386091
2632386092
2633623324
2634112058
2634113096
2635656692
2636407595
2637468442
2638554588
2638993272
2638993273
2639559957
2640626115
2642510745
2641347707
2641487188
2645728188
2646808026
2646857255
2647781759
2648049457
2649952738
2650497393
2650501397
2651039398
2651290983
2651290984
2652501386
2655217099
2655218425
2655680613
2656281533
2656980855
2656980856
2656986227
2657172773
2657223680
2657674062
2657889609
2658356088
2659023663
2659489159
2662246212
2662246213
2664120185
2665123279
2665493064
2665493065
2667317031
2667338101
2668150673
2668150674
2668667257
2669106237
2669333545
2669763639
2670097281
2674573031
2677930847
2682315395
2685128523
2685405970
2687144468
2687801199
2689565219
2694865976
2694875295
2694957840
2695065649
2698114627
2698114628
2698122398
2698156673
2698976875
2701165670
2706127546
2709180325
2709243461
2709395820
2709426816
2709436705
2709436706
2709470908
2709471367
2709472306
2709474236
2713209963
2713328424
2713328425
2714065532
2716722511
2718341297
2718989452
2719165658
2719980220
2720458025
2721375405
2721614992
2721619825
2721963234
2722072208
2722145200
2726249759
2726249760
2727847292
2728046643
2728369092
2730342738
2731879235
2740063285
2742642008
2744035880
2752642031
2752604526
2752645934
2752662763
2752681491
2756398022
2756630731
2756630765
2756903136
2758039659
2758618273
2771486047
2771983631
2774683284
2775969752
2775969854
2776022158
2776462262
2776462279
2780288219
2787675025
2787887421
2787899042
2789089284
2789089285
2789344452
2789507199
2789737302
2789961573
2790093304
2790294155
2791060085
2791060086
2791067045
2791117015
2791894339
2792481965
2792486366
2793217763
2793227015
2795853648
2799516974
2799595781
2799597127
2799658711
2800230961
2800302741
2800317515
2800324313
2800341897
2800392648
2800392649
2800427653
2800431755
2800434165
2800439886
2800487208
2800500037
2800500038
2800514295
2800528515
2800529706
2800577791
2800594937
2800609949
2800961464
2800956418
2800971634
2800977225
2800991411
2801001109
2801025263
2801044752
2801049498
2801090069
2805656526
2805746028
2808094853
2808299498
2810394667
2812987409
2813260152
2813689952
2814015893
2815190203
2815206639
2815214971
2815842820
2820452393
2820531434
2820746745
2820749648
2820789566
2821864042
2828652780
2829059817
2829181690
2829191047
2829344366
2829371368
2832175029
2832377962
2833439690
2833475822
2833529514
2833539770
2833567038
2834196549
2834502191
2834507289
2834669573
2835151449
2835156373
2836701169
2836817214
2836883876
2837018846
2837221056
2837263774
2837376124
2837376362
2837669715
2839454036
2839454037
2839502740
2839646876
2839798168
2839800238
2841179612
2841431441
2841832926
2841835255
2843116726
2845941259
2846829205
2847161825
2847176764
2847189548
2847197353
2847212742
2847362563
2848004451
2848146302
2849163705
2849621788
2851554355
2851563487
2852225112
2854176016
2854186486
2855571887
2855579678
2855585958
2855970168
2856491122
2857905919
2857918828
2857928565
2857928566
2857931680
2858642485
2858650918
2858653511
2858660201
2858981895
2859575978
2861516918
2861677008
2861755744
2867419732
2868202101
2868203150
2868205889
2868215937
2868223514
2868225443
2868225942
2868522955
2868547272
2869002199
2869003364
2869006536
2869007844
2869099491
2869110886
2870952619
2870970089
2871365246
2871374900
2871377617
2872048616
2872054813
2872057566
2872060998
2873559458
2873692046
2874033524
2874042374
2874050103
2874054472
2874491722
2874815524
2874815525
2874832164
2876080850
2876301552
2876308727
2877190129
2878421825
2879367690
2879381391
2879394636
2881253244
2881678296
2882407952
2882409029
2883367984
2883816532
2884084172
2884104196
2884618650
2884631059
2886461847
2886507276
2886513140
2886844511
2887058889
2887059611
2887147564
2887992830
2889379385
2889386398
2889407184
2890023696
2890028438
2890181307
2890216577
2890298515
2891146451
2893942376
2893949599
2893949600
2893955692
2893961058
2894288140
2894300908
2894990654
2895257870
2895279875
2895279876
2895403668
2895407472
2895410234
2897455113
2897455652
2898031081
2898042823
2898068732
2898777588
2899580703
2899587300
2899985276
2901120014
2901551608
2901557031
2901569942
2901579898
2901592003
2902682927
2904849831
2904880508
2906446000
2909470819
2910041034
2910152797
2910894619
2910979198
2911006795
2911230847
2911609156
2913816960
2913963940
2913989400
2914161574
2914383760
2914444287
2914713113
2914722109
2914738366
2914740848
2914746876
2914759209
2914759210
2914759387
2914779841
2915163882
2915857305
2915860875
2915874124
2915882483
2915888868
2915902816
2916274506
2916296118
2917683891
2917721635
2917721636
2920451556
2920451770
2920471971
2920573225
2920993521
2921091134
2921112120
2921118611
2921118612
2921970868
2922326996
2923456159
2923979123
2923983690
2923998277
2923998278
2924851731
2924883547
2928325379
2931432764
2936831303
2936844236
2936852689
2936867808
2938032331
2938074125
2938085858
2938096512
2938114942
2938696021
2938702694
2940199867
2940327010
2940371622
2957363195
2957363196
2958361613
2958382638
2958426212
2958426213
2958432309
2961289254
2961289255
2961307080
2961336847
2961360929
2961874931
2961879053
2961881809
2961883596
2961889157
2961895616
2965247884
2965258507
2965260398
2965265577
2965281145
2965286741
637150276
637983463
639685977
639778199
640453447
641387734
642716733
642808380
643119235
643423226
643875601
644359919
644722765
644869161
645645848
646033351
646080879
646085605
646224825
646276439
646736748
646736749
647362022
647367145
647414148
647418130
647456819
647986507
647988700
648203899
648239791
648239792
648783235
648783592
648808007
648808008
649893949
649917212
650042185
650190573
650849874
650524255
650945026
651360150
651360151
651558506
651580188
651626112
2264996298
2503525663
2503596479
2504585961
2507209784
2511470141
2511607099
2511666256
2511720395
2511720396
2511816914
2512396533
2512414472
2512460903
2512791117
2513140600
2513159689
2513164936
2514261508
2514582345
2514204945
2514340101
2514402656
2514715729
2514745166
2514746445
2516125350
2515808416
2516125351
2516938772
2517207144
2517817672
2518189896
2518586934
2518593364
2518593365
2518596165
2518850948
2519068474
2519482152
2520593789
2522513313
2522515950
2523753732
2523792396
2524209611
2524340540
2525404184
2525874086
2529394970
2530198840
2532313453
2531211254
2531218591
2532707543
2532897551
2532897552
2533005931
2533051051
2533059745
2533071443
2533468193
2533892479
2534708529
2535522240
2536075383
2537860385
2537860386
2536940573
2537856316
2537864752
2537867008
2537867009
2538156677
2538212130
2538504578
2538504579
2538766668
2539686345
2540183839
2541374199
2541404568
2541440388
2543166526
2543316131
2547516870
2547588314
2550858842
2549845690
2558258127
2558683500
2559733586
2559773988
2559781180
2561448850
2562315446
2562750275
2565699896
2566055949
2568944198
2570819249
2571136793
2571839865
2573194199
2573868222
2576027832
2577415726
2578675551
2578745072
2578775808
2578788249
2578798018
2579645524
2587005139
2587007663
2587012867
2587106262
2587148490
2587148491
2588077070
2588077071
2588161291
2589897703
2589908499
2589954990
2589976592
2589985399
2596265894
2597416649
2599664696
2600724691
2600724692
2600894190
2601480902
2601480903
2608637557
2608637558
2610256138
2612271699
2612574948
2617723008
2617724302
2617726759
2617730669
2617738974
2620494788
2620651223
2620817593
2623272295
2623272296
2624542900
2624592315
2624629191
2624721280
2624751873
2624770444
2626519030
2628270564
2629155947
2629489796
2629910330
2631434911
2632713815
2633623325
2636407596
2637714647
2637863214
2638280794
2638443460
2641487189
2641684113
2646326531
2647385704
2647773423
2647784288
2648049456
2649637181
2649921644
2649967907
2656545526
2657003813
2657046004
2657152630
2658331793
2658337369
2659156606
2659837247
2661259562
2661340885
2661860010
2662980490
2663169396
2663504580
2666856470
2667317032
2668622781
2668881289
2668984609
2669302793
2669333544
2671496127
2674573030
2675893708
2677439315
2682317111
2683328032
2685128527
2685405969
2686729636
2687637104
2687861570
2688454353
2689544876
2689544877
2690003805
2695026726
2695026728
2695130266
2695988856
2696491417
2698308876
2702061071
2705615191
2705660811
2705676282
2705678815
2705702500
2705710567
2709173958
2709276488
2709395821
2709409152
2713814841
2712907368
2713209964
2713385076
2714065531
2714069324
2716722510
2716928689
2716928690
2718341586
2718342704
2718343405
2718669436
2718988765
2719021495
2719037777
2719165657
2719186147
2719933190
2721387736
2721501043
2721577487
2721886922
2721956892
2721976821
2722064162
2724329010
2724331332
2724895419
2726252765
2726257915
2734494598
2735538153
2739814636
2745754654
2752592182
2752594320
2752649118
2752655346
2752976768
2752976769
2756631055
2756681455
2758474829
2771486046
2771860856
2775981255
2787469795
2787886935
2788450857
2789028737
2789716675
2789735158
2789739614
2789747270
2789959549
2790294156
2791062660
2791062661
2791064944
2791067046
2791255080
2792054200
2793198448
2793213366
2793223071
2799641717
2799656925
2800230960
2800294646
2800315975
2800324314
2800331639
2800332859
2800338462
2800366862
2800397188
2800423986
2800443563
2800443564
2800446617
2800514294
2800549738
2800574633
2800961466
2800979430
2801049499
2801067334
2801083040
2805465243
2806223619
2807331231
2808092986
2810166230
2810166231
2810860315
2811557381
2811559254
2812405145
2812415237
2812423203
2812680432
2812683263
2813525289
2814013993
2814015811
2814149165
2815214972
2815836290
2816329282
2818064159
2820313833
2820771105
2820775853
2829088578
2829849651
2832236586
2832413781
2832486303
2832571513
2832980772
2834095708
2834097224
2834201437
2834294824
2834302969
2834669572
2834839327
2835002580
2835176292
2835710403
2836679563
2836701168
2836886492
2837004965
2837007989
2837116804
2837221055
2838787233
2839416058
2839922047
2839934290
2840787375
2841158257
2841320486
2841320487
2841779681
2843223021
2844364493
2844365533
2844402334
2844809796
2845957962
2846394480
2846831810
2847131397
2847161207
2847190175
2847197354
2847210197
2848006924
2848148511
2848159365
2848159366
2848343500
2848917063
2848918855
2848947070
2850501406
2850501407
2850502926
2850632424
2851561358
2854171223
2854186485
2854199103
2855390746
2855975977
2856491121
2857898309
2857905918
2857913606
2858656577
2858972708
2859552947
2861242655
2861375589
2861516919
2861594830
2862034702
2866181645
2866944798
2867038806
2867427906
2867487697
2868211380
2868215955
2868221824
2868522954
2868533192
2869094708
2869105440
2869749205
2871360374
2871364300
2871365247
2871368629
2871379829
2872054812
2872064940
2873674313
2874037624
2874043552
2874491721
2874828996
2876098671
2876297111
2876310149
2877187615
2877190130
2878678028
2879383451
2881712717
2881941590
2882060894
2882219290
2882409548
2882606669
2883589115
2883650693
2883843176
2885360720
2886492823
2886844510
2887147563
2887149811
2887158668
2887992829
2888212668
2889390483
2889393506
2889398187
2889403043
2889551802
2889645921
2889683000
2889683001
2889812846
2890022635
2890022636
2890028437
2890516485
2893936847
2893941887
2893942375
2893965171
2895257025
2895261084
2895279298
2897455112
2898034677
2898053234
2898053235
2898063938
2898779397
2898789369
2901075795
2901396999
2901562442
2901569943
2901577468
2901581576
2901589055
2904817758
2904855553
2904865980
2904871840
2904885201
2904895862
2904936804
2909470818
2909751355
2910222601
2910880259
2910979199
2910983204
2910997604
2911232058
2912125798
2913816962
2914078682
2914250844
2914256896
2914281031
2914383759
2914434214
2914704522
2914704559
2914706980
2914713556
2914724562
2914738367
2914738403
2914749534
2914751427
2914754201
2914754237
2914756816
2914756994
2915847935
2915853011
2915876665
2916292719
2920046192
2920169043
2920172659
2920453922
2920475710
2920475711
2920487201
2921968093
2921970867
2921981796
2922331713
2922343920
2923992868
2924000933
2924007307
2924020775
2924031173
2924846483
2924851730
2924860287
2924867417
2924868905
2924883546
2927245719
2928402103
2936219411
2936820050
2936825303
2936831302
2936836556
2936890457
2936909331
2938049813
2938070521
2938684324
2938686510
2938689154
2938693166
2940207533
2940210986
2940214278
2940308350
2940312189
2940319817
2940330980
2940330981
2940335054
2958415388
2958420169
2958439113
2961283704
2961307081
2961329996
2961334480
2961861948
2961881810
2964286669
2965253487
2965253488
2965265576
2965277459
637229265
637560070
639685978
639686453
639686905
639754427
639755325
640785410
640895981
641542206
641543679
642716734
643157726
643875602
646033352
646081308
646219204
646432527
646433449
646433450
646718883
646742374
647366137
647414147
647890816
647986767
647986768
647988367
648127884
648783234
648783591
648881655
650849875
650267652
650437363
650608898
651544943
651581235
2265002129
2504108161
2504824408
2506407983
2506407984
2509271147
2509426622
2509579629
2509580733
2509744523
2509825034
2510278109
2510279694
2511470140
2511521105
2511521106
2511529376
2511587506
2511645963
2511775251
2513134199
2512014041
2512028485
2513144898
2513149836
2513164937
2513180532
2513180533
2513797107
2514208880
2514224275
2514402657
2514457139
2514457261
2515394206
2515408831
2516187496
2516938422
2517109525
2517205037
2517817671
2518158833
2518589063
2518853124
2519033904
2519888352
2521588769
2523160684
2523474366
2523919956
2524343075
2524826397
2524910643
2524908528
2525160878
2526060208
2526060557
2526062094
2530219740
2531045321
2532314241
2531209018
2533576091
2532793365
2532801121
2533131212
2533131814
2533134156
2533479299
2533480894
2533892478
2535522241
2535570820
2536299987
2537871126
2538035148
2536968431
2537851426
2537852810
2537856315
2537864751
2537868988
2537907827
2537910272
2537910273
2538025104
2538026533
2538179680
2538183767
2538203998
2538209785
2538227811
2538466095
2538749693
2538760012
2539269629
2539868902
2540068092
2540806594
2540878133
2541377576
2541440387
2543164359
2543312357
2543316130
2545543333
2547284226
2547516869
2556847741
2558258133
2558938581
2558949360
2559205966
2559721087
2559769960
2561447815
2563721215
2565672014
2567262584
2567262974
2568944197
2569390744
2569726882
2573827380
2573868221
2574374424
2575547011
2578675552
2578714776
2578720108
2578729010
2578751404
2578760905
2578770158
2579597680
2579645959
2587007664
2587089085
2587667378
2587818146
2587855958
2587858714
2588506009
2588639736
2589913084
2589926907
2589936350
2589950972
2589954991
2589963556
2589969866
2589969867
2596265892
2596294910
2596388076
2597416650
2599218671
2599662860
2600719017
2601480792
2601484820
2602604110
2603582676
2603584599
2610058218
2610058219
2611756327
2617749187
2617933552
2617934220
2618725965
2619869373
2620496132
2620986608
2623533423
2624608466
2624733206
2624749561
2626519029
2628096439
2628096440
2628159783
2628296664
2628296665
2629815696
2629815697
2630802219
2630629874
2630665508
2630878851
2633211424
2635123278
2636675573
2636675574
2636954831
2637146535
2637863213
2638587993
2638587994
2638992708
2639562319
2641684112
2642258087
2642513211
2643250457
2643252233
2645729678
2647385257
2647781758
2648609840
2649072399
2649637221
2651081143
2651201818
2652746460
2655680614
2657004763
2657019382
2657076084
2657161797
2657162015
2657515932
2659023664
2659156605
2660291441
2662002534
2663233241
2666117734
2667251458
2668984610
2668999452
2669302794
2669763638
2672269337
2682315866
2687155920
2687637135
2689544938
2689565160
2692735241
2693156923
2694865977
2695105695
2695797533
2695988855
2696931099
2698122397
2698156674
2698263721
2705635613
2705664476
2705702499
2709173960
2709372764
2709419063
2709439111
2709471140
2709472431
2709472516
2709473392
2710580388
2712907369
2713212681
2713329332
2714067717
2716651684
2716730998
2719021496
2719602970
2720327164
2721387735
2721963235
2722060374
2722138672
2723591689
2723765237
2727847291
2728040236
2728040237
2728084741
2739410944
2739814635
2740992962
2742545451
2752604525
2752655347
2752681490
2755814063
2756681456
2758039658
2758048540
2758474745
2758662831
2771323652
2771484894
2771484895
2771968369
2774683283
2775941845
2775977516
2785464114
2787888739
2789087093
2789087094
2789347816
2789736664
2789741137
2789743451
2790099920
2790375562
2791894338
2791970660
2792124835
2792486365
2792562258
2793206661
2793217765
2793221232
2793227016
2799471582
2799632175
2799640817
2800315974
2800353834
2800359490
2800381674
2800381675
2800410640
2800423987
2800603032
2800450820
2800502911
2800510984
2800523510
2800554119
2800557298
2800562344
2800581702
2800956419
2800986961
2801025264
2801044753
2801075896
2802715403
2805615889
2807331616
2808099164
2812943790
2813602919
2813622216
2813689953
2814015810
2814018316
2814149931
2814152238
2814154132
2815204177
2815206090
2815206091
2815214448
2815233622
2815309365
2815929900
2817573635
2820313832
2820369251
2820747197
2820753913
2820767240
2820768652
2820792627
2820795657
2820797888
2828615670
2828652781
2829268524
2829369824
2829849652
2830052767
2832173228
2832252959
2832274801
2832486302
2832943114
2832980771
2833060960
2833457182
2833475821
2833529515
2833573157
2834097225
2834201438
2834502192
2836811002
2836886491
2837116805
2837376363
2839453252
2839499682
2839798169
2839929276
2840540853
2840547407
2841057460
2841158256
2841179613
2841226562
2841244640
2841315766
2841315767
2843318995
2843552599
2843552600
2843627671
2843841327
2844125465
2844400113
2844402333
2845954590
2846394481
2846829206
2847212741
2847217707
2848148510
2847364778
2847367757
2848006925
2848944560
2849600566
2849600567
2849606331
2849638650
2850499127
2850513566
2850515993
2852351377
2855103901
2855981863
2855574969
2855585047
2855961409
2855963058
2855978509
2857923164
2858647663
2858647664
2858978410
2858980262
2858980263
2858986033
2858988957
2858992807
2859568647
2861594829
2862077018
2866181646
2866944799
2867414489
2867484607
2868202100
2868205905
2868209074
2868211340
2868220122
2868221823
2868223532
2868225924
2868228353
2868525694
2868549724
2868549725
2869739601
2869739602
2869744179
2869749206
2869761300
2873665543
2874042375
2874046098
2874493985
2876073334
2876098672
2876294223
2876305198
2877194791
2878670840
2878936658
2879394634
2881678294
2882219289
2882405553
2882405554
2882407798
2883589114
2884086317
2884084173
2884133588
2884133590
2884236961
2884618649
2884619688
2884625640
2886456504
2887681247
2888212667
2888668540
2889386399
2889784431
2890023697
2890571694
2890604802
2890665616
2891047340
2891775927
2893965173
2894971202
2895267140
2895269156
2895275469
2895403423
2895403424
2895403669
2895407471
2895410235
2897431894
2897431895
2898068731
2898071066
2898071068
2898777589
2898787820
2898787821
2899592282
2899592283
2899597626
2901128385
2901589054
2901552498
2901579899
2901592002
2904817757
2904825243
2904825244
2904846600
2904865979
2904895863
2909751354
2910041033
2910862576
2910985939
2910986481
2910995614
2910995616
2910999811
2911000436
2911007484
2912293013
2913282608
2913824975
2913825664
2913861301
2913972919
2914123087
2914271442
2914424341
2914706545
2914706945
2914722108
2914722287
2914740409
2914746440
2914747054
2914749497
2914754413
2915154228
2915163883
2915847936
2915860874
2915911968
2915919734
2916281247
2916281248
2916296117
2916407112
2917683892
2919895605
2920215908
2920462976
2920466801
2920573226
2920989562
2920990610
2920996529
2920998985
2921095160
2921112119
2921126104
2921980664
2921981795
2922343921
2923744740
2924868904
2924875970
2926654802
2926654803
2927246906
2931435204
2936219412
2936870617
2936899854
2936899855
2938035504
2938085859
2938092283
2938096513
2938100895
2938684323
2940195896
2940199868
2940207532
2940214277
2940316131
2940319818
2947466771
2956935544
2958365390
2958387529
2958392310
2958395718
2958404561
2958428128
2958446578
2961289955
2961296297
2961310252
2961322961
2961322962
2961334481
2961864153
2961868792
2961874859
2961879052
2961883597
2961889158
2961898376
2964286668
2965229020
2965271120
2965271121
2965286742
2965291923
2965298505
2965313298
637410534
637410535
639686452
639765757
639775402
639776731
640760433
641232108
641543678
642182294
642796083
642808379
643157725
643193254
643446353
644147029
644165806
644165807
644204288
644360550
644722766
644738054
644868189
645659570
646033340
646080880
646224826
646276440
646288385
646433070
647439875
647367144
647455577
647898552
648162492
648330730
648911798
649704388
649893950
649965886
650437362
650852850
650868733
650945025
651203002
651222142
651370266
651541991
651544944
651581236
2503631514
2502441401
2506401974
2503525662
2503596478
2505286001
2506403964
2509271146
2509272644
2509426623
2509579630
2509598563
2509744524
2511615101
2511472078
2511645964
2511814716
2511816915
2512396532
2512014042
2512544778
2513125925
2513155967
2514259246
2514716917
2515339003
2514205743
2514208881
2514224277
2514330264
2514457262
2514745165
2515267549
2515362718
2515403995
2515808417
2516070752
2516187495
2517120550
2517204779
2517400787
2517582965
2519000747
2518189895
2518586935
2522515949
2523294198
2524208194
2524230117
2524340020
2525402411
2526206086
2526206087
2526241983
2527115263
2527115265
2530405799
2530405800
2530575271
2531209415
2531212963
2532707544
2533014572
2533024672
2533057419
2533131211
2533133663
2533466423
2533468194
2534447247
2534447248
2533891917
2534708530
2535592239
2535592240
2535592280
2536064956
2536071712
2537917977
2537172848
2537851425
2537859398
2538754965
2538035185
2538174654
2538200064
2538209786
2538218926
2538749692
2540765170
2541453114
2541474409
2558938580
2558949361
2559729251
2559769961
2561999921
2562177592
2562335313
2562624673
2562750274
2565592858
2565657670
2565699897
2565952105
2566280703
2567262975
2569065467
2571247122
2571842473
2572166244
2572166245
2573864995
2574150420
2574348911
2575547010
2575553230
2576621883
2577933684
2578685350
2578685351
2578694808
2578745073
2578775807
2578792997
2579426664
2583020806
2585864168
2587089087
2587767272
2587767273
2587807613
2587858715
2588182390
2588252301
2588610808
2588732258
2589926906
2595380931
2595401958
2595569371
2596256288
2597445239
2598509732
2599710038
2601483170
2602610716
2608627593
2617186498
2617725619
2618101933
2618542416
2621131954
2623434334
2623434335
2623518312
2623533422
2624608465
2624629190
2624733205
2624739558
2624739559
2624770445
2626526435
2628270563
2628376243
2628927894
2630703519
2631323906
2632348131
2633211423
2633277700
2635123277
2635986724
2638554589
2638992709
2642513212
2642514989
2646326530
2646493098
2646493099
2646949965
2646949966
2647192461
2647686127
2647773424
2649636867
2649921645
2649982336
2650974656
2651318562
2651658170
2652736162
2654557882
2655431922
2656281534
2656545527
2656986228
2657004764
2657057574
2657155775
2657162014
2657223679
2657515933
2658014676
2658357945
2659236814
2662166125
2662444159
2663143008
2663169397
2663912887
2664235617
2665123280
2666856469
2667251457
2668432891
2668667258
2670096974
2671496126
2672270244
2675274803
2675893709
2677092516
2678540740
2678639606
2678982366
2678982367
2687144469
2687637272
2688685076
2689565220
2690005360
2692610494
2692610495
2693156924
2695042350
2695065651
2695797534
2696471104
2701165671
2701212675
2702059366
2703699847
2705639573
2705666233
2705710568
2709288070
2709335516
2709406740
2709439112
2709470484
2709473393
2709474235
2710580389
2713212682
2713249820
2714073043
2714943121
2714943122
2716650631
2718342705
2718502853
2718656414
2718988764
2719165791
2719165792
2719935425
2721387599
2721577486
2721579739
2721972928
2721984990
2722060375
2722134419
2722150569
2722162277
2723765238
2724895541
2726254766
2728372730
2737735970
2742545452
2744035869
2745754279
2745754656
2746365582
2752595644
2752662762
2752677601
2752951219
2753118873
2753778066
2756407743
2771862617
2771968371
2771997658
2774963544
2775969753
2775976961
2776462278
2780288218
2782276466
2782276467
2787570415
2787899041
2788318186
2788444796
2789344454
2789507197
2789716677
2789746087
2791117016
2792124834
2793202183
2793223070
2793232022
2793232023
2795697548
2799461424
2799462553
2799632886
2799641311
2800226407
2800298318
2800302743
2800304693
2800311012
2800317516
2800321857
2800321858
2800338463
2800360978
2800420080
2800422519
2800434164
2800520000
2800529707
2800535644
2800549739
2800557227
2805615890
2805656527
2806223388
2806223618
2806876412
2806876413
2806953994
2807331230
2807945654
2812540915
2812683264
2812685879
2813275074
2813502856
2814013258
2814013994
2814015894
2814135887
2814149075
2814151698
2814151707
2814151708
2814154133
2815085109
2815332861
2815332862
2815333272
2815891833
2815929901
2816329281
2817326251
2817486733
2818062401
2820746742
2820748482
2820760020
2820767241
2820775854
2820785739
2820785903
2820792628
2820982016
2820982017
2821862158
2821862176
2821864041
2823183539
2826440180
2829266352
2830052768
2832236585
2832377975
2832461161
2832943115
2833537200
2834302970
2834304469
2835001727
2835156374
2835178289
2835224173
2836812028
2836837196
2836860197
2836860198
2836883877
2836901028
2837004964
2837007988
2837263775
2837605969
2837710922
2838560012
2839502739
2839507990
2839934291
2841057461
2841189732
2841244641
2841316053
2841429693
2841526223
2843121069
2843550553
2843839217
2844125464
2844364492
2845954589
2846821065
2846824103
2846824104
2847122449
2847122450
2847177285
2847187307
2847364779
2847369588
2848158034
2848942213
2849643474
2850496018
2850508540
2850510951
2850513565
2850515992
2851561359
2851563486
2854167230
2854199102
2855574697
2855578366
2855578367
2855582291
2855585048
2855970337
2855978510
2855983382
2857898310
2857909191
2858645029
2858648728
2858653512
2858660977
2858988958
2859558179
2859573726
2862084697
2866951186
2866960899
2867414490
2867484608
2867487698
2868203166
2868205888
2868205906
2868206581
2868209906
2868221840
2868223515
2868228354
2868532297
2868536854
2868547273
2869002200
2869007845
2869097142
2869107807
2869111753
2869111754
2869747386
2869756464
2870930432
2870934762
2870934763
2870955954
2870961795
2871370857
2871374901
2872060999
2872064939
2872066277
2872071223
2873662362
2874033525
2874827575
2876079168
2876089917
2876301551
2876303540
2876308726
2876313474
2876315924
2876315925
2877185335
2877185336
2878421776
2879367687
2879376876
2879397543
2879397544
2880956711
2881444746
2881444747
2882404880
2883650364
2883650878
2884241169
2885360719
2886454640
2886464507
2887058888
2888668539
2889379386
2889384630
2889811443
2890516488
2891146450
2891501522
2891775926
2893970047
2893970049
2894990653
2895261085
2895279297
2898058218
2898778179
2898789737
2899583996
2899587299
2901120015
2901128386
2901537453
2901552497
2901570277
2902682928
2903631854
2903667142
2904836870
2904859800
2904875178
2910742778
2910152798
2910978573
2910993624
2910999810
2911002066
2911006796
2911232057
2912293012
2913281663
2913282609
2913505569
2913813262
2913824974
2913825663
2913961126
2913963942
2914266483
2914281032
2914719118
2914719518
2914719519
2914724120
2914724525
2914724526
2914735968
2914737963
2914753796
2914756815
2915874125
2915876664
2916292720
2919923978
2919923980
2919930795
2920450955
2920453923
2920453959
2920992036
2920998737
2921091133
2921097707
2921126105
2921980665
2923992867
2924010995
2924018251
2924839321
2924867416
2927246905
2928402102
2936390676
2936393461
2936844235
2936870618
2936881933
2938049812
2938070522
2938074124
2938676727
2938697918
2938697919
2938696020
2938702693
2940217390
2940300331
2940335053
2940346831
2957372184
2958367527
2958387530
2961302517
2961317712
2961336846
2961343915
2961350798
2961861949
2961886114
2961889970
2961895617
2965240448
2965258506
