gene	ko_K01604	
2857934469
2800606076
2914704120
2834294827
2533134153
2588079391
2514913443
2800230896
2710580688
2698158029
2536935483
2808096191
2661340881
2558940192
2758047980
2735539201
2516126761
2870923920
2839800243
2924002694
2538026537
2920311613
2882608200
2793207115
2832236589
2617759924
647058533
2887150512
2920168639
645646063
2771486042
2519889137
2636578083
2901120018
2713814845
2713816531
2912132240
2868536152
2890298311
2829060345
640785406
2847369632
640784069
2855584541
2890213789
2800598845
2589897125
2924883838
2705614376
2538173993
2695064511
651580191
651580467
2922324604
646033348
2839502734
2800391732
2658335525
647439768
2752657802
2894007271
2914249018
2820786671
2800513400
2656980679
2861242652
643155344
2737737003
2578699442
2550860313
2886456860
2698265822
2921116185
2856683957
2799516822
2789089001
2588161287
2787899062
2515343857
2845957575
2588668207
2568913888
2524924514
2752664164
2793232271
2587024027
2264996339
2589974645
2923983575
2599710035
2878925147
2828259649
2843116961
2540879045
2899588986
2899596353
2924017590
2578765230
2910890779
2820772099
2709473099
2800383138
2775970985
2820754476
2657224239
2868203163
646736359
2886846331
2904887395
2836816896
2886847969
2857913895
2893950727
2812943787
2721886861
2913281669
2709396238
2893966690
2657056877
637228812
2722139840
2624772072
2807802237
2832252964
2839637400
2647785461
2914750221
2793225164
2914751428
2787571109
2832175031
2589978321
2589980440
2917532801
2917534835
650191243
2800977770
2835710405
2799656452
2884627758
2849601937
2694867664
2914446254
2687155544
2623533417
2926654808
2513150190
648809780
2800489419
2709441679
2709442711
647888223
2854190917
2800331482
2868225430
2813029404
2914758423
2829268019
2833539773
2815085540
2621292917
2876074614
2789959815
2827971362
2820368911
2800409655
2578760279
2514261488
2567262978
2839919299
2617737094
2915900037
2904882625
2694956521
2899590201
2780288208
2884618867
2914752585
2854206294
2868527916
2870968175
650608451
2775941006
2775942830
2709193017
2904872683
650851465
2888472078
2523792392
2507209795
2624739555
2870938112
2510129116
2924855864
2570751013
2771478977
2668881292
2833505582
2561351558
2915913935
2563196124
2904893488
2514910490
2731273041
2709419500
2789347090
2695043473
2922357582
2524909751
2526283551
2846824068
2846392102
2910979193
2921981914
2854200065
2589984400
2800306450
648910535
2523274212
2915853741
2904882978
2883844051
2858655496
2739410506
2620651225
2516936870
2531210936
2807244106
2595380928
2883588241
2623433271
2833530542
2814684791
2820770485
2884624811
2813692091
651595940
2800539292
2870959938
2632348640
2512416756
2801027572
2657162018
2758052092
2709417495
2800332827
2858657635
2808099452
2881714535
2821862160
2821862179
2821863305
2541439709
2814013996
2619346794
2815113297
2801096266
2562625828
2589901746
2927246902
2707508751
2828616659
2728040231
2728041449
2650496986
2861594826
2837444721
2721962427
2854183811
649671044
2617932269
2787674353
2815307368
2805659150
2901590071
2808080112
2657771946
2840787867
2578755673
2701166163
2701167804
2771998983
2587031586
2752655195
2901075798
2800509902
2798798607
645280591
2512542988
2787469952
648162496
2771403401
641044965
2729839121
2556804197
2855574759
2516070748
2845835219
2789342936
2829369830
2642514286
2514902910
2765563573
649961113
2709460289
2264983375
2693156920
2901394885
2868527486
2504107973
2599218016
2920042042
2713329328
2515401073
2812416128
2570117173
2722162525
2799461366
2914706546
2838787236
2820807402
2689544873
2668667261
2849615129
2818058899
2756902888
2899582952
2938069305
2936833296
2936838792
2936841971
2938039737
2938044967
2938102452
2938113425
2940213244
2940205332
2940208823
2940310798
2940348671
2965240000
2965257107
2965267212
2958373887
2958396757
2958444221
2961322501
2645728429
2657077964
2920704939
2857930690
2536064441
2805746124
2558319612
2621196167
2801068376
2536938030
2820797024
2800602082
2568530241
2621279614
2832824535
2920308857
2814013346
2917683886
2814016444
2921109307
2820788997
2589966506
2882607711
2771372490
2920449751
2799597123
2914122784
2812473930
2915910967
2647781762
2891789560
2843596279
2846831855
2857895576
2854170686
2854171488
2628374695
2928327361
2661259565
2835176288
2513135006
2857908460
646277442
2920478408
2651082939
2852227597
2547587959
2876077512
2595405226
2920425977
2924869365
2889625479
2692610498
2868519398
2800475536
650043521
2915165661
2915863562
2839648558
2894299485
643157106
2636405476
2570546701
2719165654
2576844233
2535711195
2731880327
2843119485
2611756329
2913964514
2828652162
2920174864
2886455428
2771860851
2800226618
646220304
649704384
2696962792
637150241
2845951552
2889325624
2716725110
2842668245
2624607779
640768847
2899595584
2647686377
2847362604
2539685712
2820771239
2801060272
2588506006
2595569367
2531044708
2525402415
2758660739
2913813584
2920466294
2633266833
2659023667
2861191970
2917534682
2788451010
642654646
641246625
2901573375
2503596482
2587105002
2801048732
2800523532
2578719480
2849603801
2709372761
2876089292
2858647219
2642258330
2820761793
2873699161
2657156407
2531209015
2839454040
2815931297
2799471578
2799471208
2624894907
2923980362
2898048610
2898056430
2815082486
2832461165
650004240
2800602925
2836859577
2638553228
2632386800
2820747808
2800368551
2709413640
2774689400
2820748343
2839922043
646228179
2694955539
2882220333
2800360409
2909470852
2514457135
2914753797
2813258092
2813261461
2695026004
2695026897
2628269790
2832943111
2854208443
2879384687
2800357448
2857921297
2832377966
2835151453
2835154219
2791067888
2624722976
2837708662
647988364
2924033032
2901537585
2887146360
2663169393
2731884116
2833438057
2895278680
2923985840
2915888313
2801002431
2519067700
2923998993
2884243015
2709419254
2789347915
642197270
2898038041
2669334342
2599662857
2801091581
2600890523
2705703669
2562671363
2668984606
2776022161
2823183050
2700127454
2889684628
2895261090
2511473546
2911764818
648908481
2884237993
2538178929
2617730672
2800309691
2800420119
2857935362
2565658247
649773914
2855578540
2854189000
2752646189
641003017
2833536989
2589912560
646432523
2656281537
2869001745
2820313655
2893936030
2650498811
2914717983
2776462275
2512481662
2517109311
2854182436
2820765021
2893948646
2566294480
640764954
2833415308
2840786279
650259081
2844364105
2694864691
2666117730
2756398026
2914283192
2878935909
2638444300
2923743274
2509406031
2914757190
2629490496
2901549390
2800316686
2512369907
2901563523
2718988759
2904939014
2577006354
2752854921
2752855083
647457542
2820767823
2883942061
2890635933
2578744539
2698309767
2814150465
2628491012
2884631053
2812415991
2578669131
2889405449
2722161947
2914713114
2639565799
2705710835
2771968120
2574348914
2914162735
2519480907
2936864704
2936861967
2936871959
2936902519
2936903890
2936907487
2938080515
2938086725
2938098158
2938103229
2940371506
2940204760
2940209783
2940210617
2940301791
2940313240
2940318301
2940325977
2947466766
2965288378
2957364565
2958435039
2958388091
2958424574
2961360805
2890179653
2826442753
2808298126
2868538506
2868540517
2509101519
2879389748
646085601
2722142819
2698155457
2800453766
2516124629
2621278858
2541375179
644147500
2524230155
2920450956
2578694304
2696491413
649916606
2718345433
637410123
2742642005
2535570834
2800577933
2868534359
2876097022
2522513309
2837668905
2844809840
2664119399
2791060724
2795697545
2820775536
2503903214
2598530770
2629818277
2683328029
2695063113
2695063930
2836883882
2814154136
2579646091
2915860174
2898787824
2533131208
2558722320
2519894971
2857920024
2815891134
2855540154
2612422546
2834198836
2921128233
2505393985
2694875914
2705660315
2515342972
2858652421
2702058442
2891047313
2543312360
2904860506
2882228799
2589974102
2722120061
2756681459
2570870751
2873660792
2848009064
2849621013
2881253241
2635659253
2861203902
647442848
2910888669
2705666227
2709472909
2502441403
2514746449
2812540917
2913960462
2893955286
2915847399
2790100632
2684070172
2545543329
2589923715
2509271021
2630435375
2771984965
2868225927
2718806822
2911000430
2724895683
647986503
2562335311
2621285949
2587807609
2820790670
2924862673
2775977512
2631324328
2914778816
2565674332
649968256
2876086623
2855586194
2536942605
2531208308
2915156715
2880998873
2800425321
2811557384
2811559260
2713212949
2820007439
2911232063
2514404710
2685131195
2722065128
2901532465
2876071844
2513164554
2808091002
2596256294
2265001614
2820772738
640875093
2820774008
2916282440
2806953991
2668149644
2919895052
2914735192
2800437869
2509839285
2789028461
2561494282
2575210799
2879366275
2911006801
2538294135
2893944163
2601480788
2787475135
2880956716
2841274133
2771325126
2633211528
642668516
2849640116
2895275507
2923989589
2873694877
2911002061
2519068400
2836701208
2578678182
2583022627
2587008162
2890664729
2574051955
2919929199
2834287591
2832630844
2708445993
2620814635
2889685568
2511472122
2889383872
2800527378
2820745340
2718502189
2800485370
2519065367
2904826776
2721983137
2743239386
2663504577
2800530633
2800431296
2597444765
2813689517
2916284259
648783238
2829371371
2667338098
2791115651
2517579734
2596804182
2709416916
2800338423
641301757
2841431396
2917748976
644168387
2793214276
2843550549
2914719119
2884102343
2924875423
2740990739
2812681953
2650501986
2868202223
2810859925
2545533173
2576019172
2849642290
2572333636
2558949906
2577415217
2515347819
2839933793
2573864460
645282699
2665123276
645659676
2514295623
2800549431
2756631624
648785091
2792485731
2868228357
2870957543
2899580113
2899580626
2565660493
2624592729
2581000526
2910553669
2642513198
2509744044
646718881
2577007477
2547282146
2709408318
2709333519
2820767965
2670656377
2868552428
2868552594
2890413017
643096726
2901397115
2921121190
2887681274
2789344222
2630880290
2531794865
2920993524
2898041189
2913969921
2682057807
2640396846
2799462548
2914705338
2538167936
2914712754
2633623321
2887347413
2792560427
2899582452
2936393464
2936820252
2936830085
2936846467
2936853690
2936855717
2936890124
2936877907
2936888170
2936894595
2938025121
2938050074
2938067215
2940317097
2940201433
2940299452
2940306981
2940333661
2965251197
2965283306
2965302106
2958364009
2958416792
2961311079
2588182387
2800578959
648887625
2832274795
2668751776
2836679559
2523288347
2887143263
2921101441
2547515762
2565695415
2815189601
2716730669
2516124942
2893972273
2870926656
2894002843
2752853644
2800557659
2597417072
2924019678
646221980
2709243457
2924877253
2820742851
2858660238
2589967381
2829191049
2868206577
2885358938
2879404437
647885952
2923974051
2752642035
648896208
2904844002
2595533266
2799449813
2756681203
2624629041
2839016390
650527479
2669764737
2618728362
2820774941
2901556335
2577232932
2895407468
2793220807
2916293067
2886467037
2800610744
2845941265
2921975790
642643869
2894005389
650266112
2513126593
2752976772
2904897717
2904866661
2587301185
2920173997
2815214444
2921117949
2657152726
2695127379
2752665005
2820756086
2792054197
2910040801
2913988367
2910040423
2832569718
2832572182
2589942734
2889401439
2848938863
2904831883
2800473829
643123033
2843115317
2570818750
2623272292
2709438114
2585090960
2842669183
2873691015
2657195303
2873661583
2837230226
2709400554
2791065149
2578802446
2709179275
2641485877
2578739431
2891146454
2557097525
2800594061
2800979285
2509426116
2914257598
2518602362
2857915226
2800505331
2709398022
2589958757
2832980768
2722138724
2873679079
2845963682
2832174589
640762605
2835002584
2820792528
647877591
2666856473
2628102618
2810396142
2643250460
2656545530
2837607954
2890571690
2812683020
2716927277
2678981308
2815840122
2722071459
2596267865
2789741143
2619188987
2915155782
2558681885
2697547633
2658015636
2576621347
2843323401
2904855953
2573193675
2913823140
2705032115
2631934775
2709286743
2893938575
2514339315
2898032045
2874497727
2588610720
2899591669
2787890036
2800434482
2657174315
2915917211
2861677012
2922344446
2603584904
2923992082
2923994416
2916293584
2587110909
2895410231
2808014248
2801012494
2589964329
2870936443
2527538382
2820749791
2924029816
2849605030
2517246478
2812424487
2833438834
2515414578
2588252297
2538518456
2524910325
2903666825
2820531438
2514205204
2570813470
2637146531
2805543451
2904835398
2653802290
2901568871
2793197564
2914720530
2601477874
2727847970
645482719
2577933214
2558269980
2884084167
2868522659
648885492
2800502963
2646539255
2646539521
2639969937
2857938142
2832413785
2752683279
2854187065
2587118667
2854162825
2562556718
2870942168
2901540430
2571136265
2874493770
2910744494
2801083562
2692734178
2857927100
2789707347
2599022666
2847186381
2921091724
2532994277
2844365916
2578787722
2722060371
2651318565
2795853644
2800296231
2879393754
2869004928
2576020116
2513167015
2843605126
2921976136
2628096899
2915871199
2771405037
2599017169
2752849461
2506404005
2571945168
2530574237
2921969027
2756631056
2914756457
2530405201
2587032836
2695104897
2652735140
2729839168
2920474015
2870954888
2845834585
2845834763
650868777
2638589491
2618733283
2642513188
646718240
2631932225
2915903711
2890413006
2881941342
2920268839
2829181442
2602604106
2791970656
2576067736
2504824001
2657059668
2800421123
2532313456
2756902719
2936851894
2936827830
2936844664
2936851400
2936897897
2936909489
2938034083
2938074450
2940198762
2940201512
2940206482
2940309403
2965298730
2956938638
2957373004
2961295752
2961343452
2961345703
2705636125
2898777585
2914136594
2924024484
2912123949
2630702356
2758048189
2735538231
2516125509
2596284577
2820752247
2924001522
2629204008
2716650627
2716653581
2558231644
2574187696
2814011471
2814018322
2524230115
2730233142
2868209077
2901581884
2513141550
2923974501
2611743618
2677439043
2632713269
2718341294
2774683000
2515438860
2855571384
2536965980
2841319772
2914252173
2841322117
2774745833
2839013990
2854179185
2698976878
2890300056
2617725622
2664122273
2914433377
2868212465
2920996532
2873665429
2513131363
648812019
2674573027
2795726762
2696472887
2639559953
2855582255
2836880835
2845941960
2582792455
2889623190
2662980486
2843223063
2805464350
2752953637
642716055
2849648107
2921113656
2889392858
2857916405
2561380247
2834197451
2658328712
2578781985
2846818518
2537824196
2841181996
2913859341
2702060894
2913820281
2922355551
2788447246
2868211376
2585090796
2600720200
2842671557
2886510881
2870928480
2740062059
2791063860
2924016169
2829345752
2793225981
2788315326
2915846703
2517400784
2509272647
2509273816
2509599068
647896420
2884621800
2721886159
2920464186
2722132426
2839634871
2868220108
2621287164
2624541173
2924867738
639206661
2621232497
2648181740
2801093472
2915153804
2617934223
2914722977
2716928621
2600718307
2846829245
2820597868
2903631320
2790378798
2839930727
2514716910
646081304
2923979343
2801054224
2713214289
2588184481
2515265613
2920989558
2600966875
2894990778
2920991890
2901128389
647882506
2808091935
2514338987
2843320540
2517518799
2870950295
637263868
2709414972
2663912891
2914735531
2575545744
2509837963
2588610816
2620494798
2634112056
2789029147
2799084891
2799083528
2799085260
2915921241
2651655871
2651656870
2916277017
2587858408
2890733363
2734492582
2657003810
2624745124
2836886002
2800446238
2914746091
2562750669
2800516957
2914273680
2843226203
2873680808
2873682093
2559583461
2758506293
2646325147
2531217999
2531218287
2616856315
2915915779
2731882377
2836700611
2836701212
2910153091
2731272505
2731273866
2517205039
2536970269
2578792465
2705678371
2904840577
2890428702
2868215951
2801074847
2595573066
2890660417
2713209923
2624734682
2910223493
2533004451
2606419346
2914736836
2800297219
2914721666
2914748597
648127881
2805616806
2526241980
2624544482
2659157414
2844981179
2833477894
2758474826
2531859008
2886508403
651364885
643373617
2510279688
2531210411
2531212274
2675273741
2898053161
2858649280
2800498169
2843552603
2558936986
2801024878
649774505
2532799776
2837004709
2589940141
2854165991
646286875
2758618267
2841158253
2657515936
2904815072
2504956583
2514331123
2847364743
2789742381
2628926720
2910743769
2537645048
2537645480
2868548553
2881712217
2857926111
2701212842
2833573161
2540068089
2886491322
2927245723
2601091820
2789747264
2664235622
2801045314
2629911489
2841189357
2583955782
2641257788
2533892482
2808078461
2889786929
2843606460
2806876407
2588098919
644721483
2915858076
2915870796
2512544781
2514293646
2506402010
2787469886
2904902077
2513152621
2923742892
2879400500
2533026623
2894288143
2771402626
2830049505
2505286004
2920471715
2813599942
2868223528
2820778131
2559433847
2829368351
2578709546
2924007938
2718987584
649960424
2914078027
2709411023
2921089127
2901399308
2800552541
2870947310
2913505573
2849162431
2849164186
2758425673
2540664419
2600883823
2630665202
2589891392
2924011556
2924012287
2732149223
2713248752
2691735348
2914161102
2936217557
2936878245
2936892364
2938057159
2940303105
2940322114
2940215780
2940217513
2940336106
2940348121
2965247054
2965271441
2957367408
2957361541
2957363701
2958356882
2958412383
2958429540
2958448250
2961301082
2961305646
2961319511
2961334308
2890181588
2826442209
2913829543
2887139382
2630629868
2921103579
2802715406
2774786821
2565699478
2847161203
2716729832
2667251454
641541142
2924023258
2898046242
640453672
2840542771
2840542237
2574374032
2589926599
2829088576
2752594323
2617723011
2513160392
2915907800
2519001052
641231573
2657171819
2924830063
2893962373
2898061097
2921131410
2601483491
2837376359
2910997599
2800959983
2841429655
2857907890
2800451281
2713385444
2579601187
2752677183
2574149797
2873666574
2920453168
2720325537
2876079714
2837115848
2569726303
2889376857
2658357941
2578704837
2868512941
2800375478
2894971312
2752951216
2894005805
2513145329
2834304659
2562537377
2596388073
2898065890
2611758298
2857906276
2898789734
2869003323
2832572231
2571235808
642727201
2828262075
646433452
2721374930
2845949662
2709436384
2716724852
648893840
2849624307
2899587190
2600721468
2650974290
2790441115
2887155955
2532793820
2870931793
2705676887
2833567153
2706128633
2709179732
2619871950
2651291590
2799632178
2928402099
2832485623
2596293997
2569066869
2913958996
2913953949
2588626423
2788316594
2820794834
2911609280
2812685088
2705639136
2698788849
2854173629
2854174087
2898778176
2709176449
2722133107
2854198204
2703702266
2800556513
2517626357
2873676882
2861192345
2787571923
2689565157
2901166386
643042663
2829849897
2880996504
2618543011
2813276521
2914724121
2800305042
2576854660
2800321886
2536942226
2722072147
2800986320
2709405406
2790378045
2854191688
2792481277
2514403692
2619491975
2538184950
2606407518
2713327108
2873669300
2617925855
2632387014
637262764
2791893161
2874493607
642812256
2887604381
2705663552
2870971828
2709192933
2910992046
2848343510
2517816781
2503525029
2841273469
2771324259
2832377978
2647385254
2755814055
2618724246
2640625748
642793670
2588510297
2873697820
2815206087
2526062725
2924000084
2520594629
2884243114
2638994397
2536972332
2657674066
2887058883
2910224325
2914737964
2709331753
2709332598
2712158007
2712161420
2854200405
2727845976
2924840290
2889812852
2847177281
2833474778
2789025808
2558728973
2534705461
2531213030
2883816535
2895267135
2513179848
2697359508
646213474
2527115595
2847197349
2547479299
2658356084
2814134435
2587767276
2820770208
2873674361
2587667381
2814135814
2870962924
2657889613
2791114864
2758049354
2868545600
2821862150
2745754284
2876093715
2556847737
2510411655
2698263724
2915879003
2617195735
2921091987
2919925926
2571246606
2732153210
2678637737
2562177595
2566057546
2524208196
2524340033
2587816515
2735964903
2735966575
2758039655
2523918376
640764460
2561448846
2573827384
2829428371
2920045582
2698101600
651556372
2728085289
2891773317
651358119
2729840880
2572165703
2850632380
2577005343
2509579623
647367141
2921087016
2834200015
2834201919
2915905459
2920268192
2541311607
2800500051
2587150691
2695797530
642182721
2879369411
2713331940
2714065526
2876083127
2876080705
2570321451
2583136968
2887345435
2657081908
2936822522
2936897526
2938093513
2940197674
2940371640
2940328463
2940329936
2965262026
2965290775
2965309080
2958368333
2957357628
2958379839
2958393714
2958403638
2958418403
2958437660
2961284713
2599667314
2833457185
2792163312
2539668938
2517121891
2709438366
2709438618
2722142257
2793218308
2565724725
2675891013
2890905336
2904877281
2873686266
2890023699
2921107373
2587010880
2820789417
2771371688
2924852310
2752641346
2855580192
2718343407
2920169452
2891786444
2924842975
2843595789
2757441349
2890028625
649892340
2921132979
2515389522
2509691296
2628807480
2587092409
2587174051
2587175768
2881681632
2920489862
2854178709
2652746464
2898069864
2834097228
2538506764
2829059820
2904864566
2752676440
2629815694
641543066
643447594
2882060899
2852223902
2578734428
2920426341
2612574349
2889623971
2868516987
2839645954
2849648974
2800337017
2889646616
2841244644
2904849425
2895403427
2663233245
2523332698
2806222962
2800535044
2857904152
2843121873
2837263436
2914740061
2800459392
2789089282
2720459558
2901578041
2721975345
2845960125
2672269673
2558258136
2914158095
2788444017
2565670624
2752663622
2800583016
2687861083
2540877314
2709399889
2687811904
645277240
644789782
2793200534
2641487948
2832486664
2812542887
2563786951
2913960565
2523292451
2588626447
2531041266
644360554
2836818464
2515407932
2921096601
2901576283
2921099879
2587796924
2684068920
2510124789
2536069703
2854195535
2538157543
2840545531
2722067746
2844125461
2800414408
641387499
2543316134
2793208432
2788448809
2858642049
2628100801
2628101216
2533019448
2882409545
2870966706
2870967138
2914779418
2818062757
2914779079
2914418993
2785464117
2596706701
2565678382
2920573222
2800533109
2889385828
2587825209
2623535083
2873699373
2589918867
2578723841
2815842082
2596267620
2906445751
2914266072
2709407662
2515397209
2649860418
2752680667
2514717358
2800990391
2655218420
2914758768
2595581781
2882407794
2642510748
2608637143
2910985934
2713328127
2873670690
2651201823
2858643956
2633476603
2799659711
2774689811
2920485350
2588607996
2915902274
647454425
2820799200
2533020997
2909470022
2709329870
2914388309
2518189892
2603583470
2608493021
2915890663
2915889421
2578674969
2721978322
2729238558
651373377
2589935775
2830053999
2830051379
2595353644
2883367987
2677598950
2820749488
2833505114
2513173056
2578684845
2503631510
2739813296
2915886987
2658330515
2638993276
650009354
2890428282
2879379501
2635123283
2713210255
2800396587
2895257864
650849878
2895281523
2700127261
648127244
2837220717
2705671235
2868521095
2834505591
2922330784
2846821024
2920998989
2884238703
2800562309
2915852921
2800584050
2886505856
2910981376
2721984916
2890516539
2519034447
2589953128
2569097997
2879409269
2527115753
2839020950
2658333956
2623434447
2612349678
2833532266
2814134475
2882158600
2833537734
2873672800
2514223252
2601481483
2847190171
2915884632
2515366011
2870942447
2608627315
2514329815
2612269889
2845954306
2526205498
2881444752
2876093383
2814015899
2648912704
2891499015
2515808412
640893099
2901556207
2837445278
2549845256
2800324993
2558975547
2815332858
2792423706
2815204173
2889783952
2533015152
2833416963
2834302889
2631436898
2569390181
2914131876
2857902880
2677930606
2626518537
2914383539
2837090116
646236191
2800301723
2914423576
2897635555
2509745023
2698122995
2746364868
2807595509
2752595647
2879374850
2588732457
2870944290
2789735163
2921119598
2887679579
645626645
2630879227
2537172050
2537175494
637559551
2716587874
2637715802
2849618212
2887347956
2800234637
2657083148
2620343093
2921978972
2839507995
2936825939
2936886270
2936866710
2936871269
2936884173
2938032971
2938063002
2938110645
2940305593
2940332270
2965308651
2956936141
2957369517
2961327485
2961286696
648889609
2589949238
2924026326
2914703774
2820452390
2588079853
2652499473
2695988859
2790094105
2861516924
2581962738
2710580394
2578769626
2789506184
641384850
2894002296
2890604807
2752852969
2654559392
2890024728
2832823543
2820742181
2578775565
2558231562
2920310134
2789961818
651540217
2533008363
2752614377
2882605136
2586115560
2812473775
2586320372
2744035872
2858651502
2718341424
2565664561
2535592236
2841226566
2724329006
2536964333
2890025803
2578689716
2799449239
2857896906
2876096824
2774746588
2514582348
2600724763
2807326951
2535647652
2800328146
2858661309
2624751754
2835178294
2578797533
2807331613
2579598631
2890216375
2889380672
2834671426
2587004674
2920453216
2836901022
2629818393
2920479475
2651081389
643423199
2882059893
2800352897
2868513860
2845941189
2820433217
2894299636
2800228964
2800574158
2653799112
2889645969
2921114593
2563279238
2649072500
2550859612
2837007248
2731878895
2889551805
2800607733
2921126315
2911230842
2914740410
2828653485
2578750847
2800355310
2721971605
2702058432
2887159458
2536074810
2524925523
2815232586
2923983708
2828261220
2670097345
2734494594
2775980336
2889390253
2873692707
2800971965
2901593860
2833565138
2841779684
2662166622
2775969749
2596295115
2569442477
2823230794
2812686214
2836814747
648204918
2758660084
2578714276
2860175677
2523295703
2897455108
2709426581
2703700833
2840548657
2722069481
2571841796
2770902273
2714069318
2845961301
2800520394
2515339559
2648050353
647875243
2648181061
2648182668
2509825579
2626526158
2914127216
2807947081
2577547202
2709274031
2617738977
2789502433
2506408020
2839929582
2698114749
2708497132
2595584141
2667317035
2515269392
2621291666
2663143012
2836859058
2578728454
2920469917
2920471323
2722150021
2722150941
2870953631
2815836227
2913971094
2920487732
2791895921
2730342748
2752648894
2566279800
2648610448
2922326957
2847360255
2693739868
2571839347
2868529549
2799640821
2551304019
2914261885
2789717163
2914746441
2881106863
2800315472
2589962479
2800425598
648904786
2787475815
2857922706
2742545497
2922350374
2893976176
2632640393
2669302797
2849603994
2531216147
2531217497
2812422135
2849638202
2588512889
2599669554
2800509067
2576027255
2623518318
2638993255
2834503671
2587855955
2886463882
2563718879
2800550369
2800443153
2721387739
2841315770
2889684094
2914748941
2589982646
2714073958
2575552609
2534707512
2838559965
2538612607
2510278509
2884134974
637769469
2839021194
2883588435
2883586857
2917710547
2589907969
646289860
2758618615
2587026146
2617726762
2915882694
2814135215
2829371896
2845955705
2869008395
2517581647
2669106240
2808098058
2890646405
2637467757
2917748350
2915875429
2617187917
2921970603
2812407303
2712907522
2831517226
2678637338
2650502583
2587818140
2735965078
2735966256
2657021071
2657045350
2847367718
2849643017
2568943673
2656985188
2701167729
2920050145
2915855809
2628096777
2915173187
2659867703
2868205902
2515345949
2839935942
2538035152
2798799459
2849634216
2849637718
651558511
2909749585
2857901724
2855575759
641042484
2830046332
2848003853
2901543836
2889398877
2721956889
2504585965
2924008113
2642513215
2561999177
2532897548
2518160999
2713651552
2709335196
2513184779
2868525262
2839416122
2698310164
2861375595
2800340708
2829181684
2785480998
2628489101
2800956536
2713246698
2882404876
2637716381
651542270
2868221837
2771966836
2792561748
2756902512
2936836913
2936843900
2940314487
2940320868
2940324625
2947465968
2965277971
2965228750
2957371307
2958388634
2958408337
2961336216
2961291291
2961313796
2961350747
2964289341
