gene	ec_5_1_99_1
639754559
640875092
641542203
641003018
644132708
644342295
645274071
648162495
648783237
649917214
647454426
647877590
649640792
648239578
648809779
648889610
2504585964
651222652
2505286003
2506404004
2507209796
2509745024
2511609183
2512544780
2511529866
2511689469
2512790888
2513167016
2513179847
2515397210
2517246479
2517581646
2518161000
2518587347
2531794866
2533020996
2533057958
2533065934
2533473559
2537645757
2536935484
2537864200
2537871693
2537910819
2538219461
2538465542
2541377224
2543166304
2545533175
2557096798
2556847738
2558231561
2558728972
2562671364
2559726994
2559770407
2563196125
2563835537
2568530238
2565592333
2565664562
2574150418
2568943672
2569390180
2574187695
2570751012
2571246605
2573867100
2575552608
2576027254
2576844232
2578719479
2578684844
2578781984
2578797532
2579646647
2583955783
2586320371
2587807610
2587026147
2588161288
2587032837
2587301186
2587858407
2588512890
2588626446
2589935774
2589958758
2589964328
2589980439
2595353937
2595533265
2595573065
2595584142
2599218017
2601480789
2600724762
2600883822
2603584905
2606419345
2608637142
2617926597
2628096778
2628374694
2628926721
2629155715
2629911488
2630631346
2631932226
2635121640
2637146532
2641485876
2642123337
2646325146
2646539254
2651082940
2652746463
2655218419
2657674065
2655681077
2657771945
2657174316
2658015635
2659835509
2661259564
2663233244
2661860511
2671499543
2672001457
2675273740
2683328030
2687811905
2697547634
2695026005
2695104898
2695127378
2696712634
2705666228
2705660316
2707508752
2709332597
2712158006
2713212950
2714069317
2714064979
2716650629
2718502190
2718656194
2721619601
2722060372
2721886160
2721962428
2721983136
2724329007
2724895684
2732149222
2731884117
2734494595
2745709317
2752976771
2752648895
2752641347
2752646190
2752853643
2753117520
2758052489
2758618266
2771405038
2771998984
2771985458
2774682999
2774786820
2784407413
2787571922
2789735164
2789025807
2789029148
2789344223
2789959816
2790294227
2792054198
2792423705
2791067889
2791253021
2792124137
2792561747
2793218309
2793197565
2793208431
2793225165
2793225980
2800234636
2800337018
2800502965
2800533108
2800550368
2800310017
2800368550
2800375479
2800383137
2800396586
2800414748
2800459393
2800485371
2800498168
2800549432
2800562121
2800584433
2800971966
2801024877
2800979286
2801002430
2801074848
2805464351
2805543450
2805616805
2805659149
2811557995
2815189602
2815206088
2815214445
2814136526
2815836226
2815085539
2815307367
2815842083
2820752060
2820774943
2826441657
2829849898
2833061757
2834304658
2834200014
2834505590
2837445252
2836838214
2837263435
2837607953
2839922044
2840545532
2841429656
2841431397
2842669184
2845941260
2844520999
2847219828
2847369631
2850513265
2852227596
2854173630
2854183810
2855584542
2855966294
2855968187
2855970873
2856683956
2857902879
2857920023
2857934471
2858661310
2858989469
2859558400
2861594827
2861205804
2862034441
2868516988
2869001746
2869008394
2870954887
2870955073
2871364736
2871370326
2871382728
2872059999
2874493606
2874824678
2873660791
2874497728
2874827878
2877186100
2878677564
2879384688
2879389749
2880956717
2881681633
2882404877
2882407795
2883816534
2887058882
2886467036
2886846330
2887146361
2887600317
2889401440
2890413011
2890428701
2890603698
2890660418
2891773403
2891789559
2893936031
2895267134
2895275506
2898789735
2898041188
2901395019
2901576282
2901593859
2904855954
2910992045
2911230841
2910852454
2911234472
2913281670
2913505572
2914751828
2914754198
2913964513
2914383538
2915860175
2915888314
2915902275
2915903710
2915917210
2916284258
2920451554
2920996531
2919895053
2921091988
2921099878
2921101440
2923985839
2923992081
2924017591
2924033031
2924843334
2926654809
2928326025
2936822521
2938113426
2938039736
2938044966
2938057158
2938074451
2938102451
2938103230
2938694413
2940320869
2940348120
2958396758
2961350746
2961889903
2961882519
2965277972
2965290774
637262763
637228811
641246624
643447595
643096727
643123034
644737715
646213473
646228178
646289859
648127882
646736358
647882507
650266113
650437142
651580190
651540218
2503631511
2265001438
2504107972
2502432408
2509839284
2511587261
2512013820
2511666031
2512542989
2512028012
2512369908
2513150191
2514208644
2513795903
2514293647
2515265612
2515339558
2516125508
2517205038
2517109310
2517121892
2519889136
2523161217
2524208125
2524924513
2526205499
2526283552
2531209453
2531859007
2533026622
2533072001
2533463176
2533465870
2535526412
2537857884
2537861749
2538157544
2538612606
2538755503
2538767205
2543316133
2541375178
2546819331
2547515763
2550333379
2558949907
2561999176
2559720617
2559734082
2559780265
2563786950
2565699477
2565951861
2569066870
2570321450
2570818749
2573193674
2571841797
2572341887
2573190725
2576020117
2576067735
2577232931
2578775564
2579646090
2578723840
2578739430
2578746627
2583136969
2583022626
2585954559
2588098970
2587004673
2588079852
2588506007
2588610721
2587105473
2588078129
2588666562
2589942733
2595405225
2599022667
2599017170
2599662858
2599710036
2601477875
2600721467
2603581238
2606407519
2611743619
2612576069
2617738978
2619346793
2619870317
2621196166
2620650409
2621291667
2624749564
2624793576
2624544483
2624745125
2628807481
2630463040
2631855371
2631436899
2633211527
2633623322
2633476604
2636407593
2636578082
2639559954
2640396845
2638553229
2640688406
2646857637
2647785462
2648050352
2648182669
2649569484
2657156406
2657183667
2658330516
2659237314
2662168436
2667317034
2668433118
2670098357
2671495872
2672269672
2671942708
2677516160
2677598951
2687155543
2690005201
2693156921
2693739867
2696930770
2705030542
2705033253
2705613539
2709243458
2709274188
2709399888
2709176520
2709396847
2709436385
2710580369
2709405405
2712908805
2714072132
2716587875
2722065127
2722071458
2726255705
2726256829
2729238557
2729839167
2730128556
2734492583
2737736594
2752595646
2752614105
2752665004
2756681173
2753777495
2758046884
2758047188
2774953295
2775977513
2776022160
2774689812
2775099591
2785464116
2789342935
2790100631
2791060725
2795697546
2799597124
2799656451
2800523533
2800316688
2800324994
2800333360
2800439126
2800475004
2800577932
2800956535
2801089073
2800607735
2800959982
2800990392
2801048733
2801068377
2802714484
2807326952
2808096190
2812405147
2812422134
2815840121
2820531437
2821862159
2821862178
2820799353
2823183049
2826442210
2830046331
2834302890
2834097227
2835151452
2834760716
2834841809
2834916170
2837090117
2837115849
2839507996
2839930726
2841181997
2843119484
2846821025
2847217343
2848916758
2849164187
2850510652
2850501083
2852351090
2854190916
2855578541
2855960945
2855976739
2857913894
2857922705
2858992276
2861203897
2862084951
2867037873
2867488568
2868512942
2868538505
2870947311
2870931795
2872070925
2873562062
2876083126
2876301057
2880996503
2884133801
2884238704
2884621799
2884627757
2884633633
2886510880
2887155956
2887678378
2887993432
2888668307
2889645970
2890635934
2889783953
2890025802
2890300055
2890636020
2890905337
2890514514
2894288144
2893948647
2893955287
2893976175
2894299635
2894971311
2894990779
2901120017
2899595583
2901537584
2901532466
2904882624
2911764817
2914704520
2914706942
2914719516
2914738364
2914722070
2914759171
2914122783
2914131875
2914283193
2915913936
2917683885
2916293585
2916405939
2917748975
2920573223
2920993523
2920202714
2921109308
2924840291
2936393463
2936217556
2936902518
2936877906
2938050073
2938057448
2940205333
2940371641
2957371308
2958418402
2958379840
2958388092
2958408336
2958429539
2958448251
2961286697
2961297417
2961301081
2961343451
2965228751
2965267211
637984380
637985041
639755080
641387498
642727418
640762606
641384849
645482720
647413973
645626646
646718239
647442849
648092908
649704385
648893841
648904785
649892341
649967133
650608450
651556371
651117535
2503525030
2510129117
2511543198
2511633611
2512416757
2513152622
2514457136
2514403363
2514913444
2516187972
2518852904
2519034448
2522514994
2523792393
2524340536
2527115596
2530650892
2533134154
2531793319
2531831265
2532793821
2535570833
2533055519
2533475549
2538026536
2535647651
2535711194
2538035151
2536965981
2537172164
2537822589
2538203451
2540183681
2538761558
2539668937
2543312359
2539685711
2547479300
2561351559
2562177594
2562556717
2559728772
2559772092
2563279239
2565670625
2565726644
2566294481
2569442476
2570870750
2570811990
2571235807
2572165702
2576621346
2577547201
2578728453
2578745897
2579601186
2587092408
2587796923
2589901745
2589982645
2596284578
2596267619
2596804183
2600966876
2599667313
2601483490
2602609531
2610255832
2617725623
2617726763
2617759925
2618728363
2620494799
2624323406
2623518319
2624785876
2629489333
2632640392
2634112057
2635986310
2638993275
2637715803
2649860417
2649921014
2650496987
2657195304
2657224240
2662980487
2663169394
2663912890
2668149643
2668881291
2669106239
2670097344
2672268839
2689565158
2695043474
2696491414
2695063112
2698788850
2698976877
2698265821
2702060895
2705669438
2709414971
2713814843
2714065525
2714068853
2716928620
2718502683
2722161949
2728372374
2742545496
2743239385
2745708550
2745921901
2752594322
2752849462
2756681458
2757441348
2758619876
2771859692
2776462276
2780288207
2787469766
2787475645
2788447245
2788447481
2789708476
2789735424
2789742382
2789502432
2792481276
2793214095
2795853642
2800332828
2800434483
2800451280
2800309690
2800446239
2800509068
2800516959
2800520393
2800594060
2800606075
2801027573
2801093473
2806222963
2807595510
2812685087
2814149934
2813276520
2813621775
2814014712
2815204174
2817572869
2820597866
2820776912
2820808330
2820791883
2820807646
2820980751
2823230795
2829428370
2830051380
2832252963
2833539772
2832823542
2833505583
2833503772
2834287590
2833565139
2834503670
2836679560
2835710384
2835709050
2836859578
2841315769
2843223062
2843599752
2843320541
2844403097
2847177282
2847197350
2845955704
2847186380
2848148736
2848003852
2848144315
2848149709
2848944233
2850498804
2854171489
2854178710
2855540155
2855586195
2855574758
2855975485
2857908459
2858657634
2859574496
2861516926
2865306469
2867415270
2867485532
2869093367
2869004929
2869111245
2869743935
2869746596
2869749430
2870963751
2872064113
2873674360
2874038499
2874041482
2876071843
2876077511
2879400499
2881444753
2881712216
2882158599
2882409546
2884084166
2883588434
2883589505
2887992360
2889812853
2889380671
2889398878
2891047342
2894002842
2893944162
2893966691
2895261091
2899580112
2899591670
2901549391
2901556336
2901568870
2904815073
2904866660
2904902078
2909749586
2911006802
2910985650
2910993929
2911609279
2914735930
2914746838
2914724523
2913820282
2913859340
2913960564
2913971093
2913988366
2914388310
2914252172
2914423577
2915846702
2915871200
2915889422
2915907799
2917685061
2920050146
2920173996
2920991891
2920469916
2921132980
2921976137
2921975791
2923983709
2924001523
2924007937
2924869366
2938086724
2940305594
2940332271
2940336107
2958373886
2958393713
2958413591
2958416279
2961281586
2961284714
2961859431
2961305645
2961322500
2961872807
2965298731
2965257108
2965308650
637261945
637410122
637521852
639685558
642643868
640892316
641231574
642197269
642716469
646085602
647986504
648785090
648885493
651625662
2506408019
2510411654
2511520879
2511720888
2512396889
2512461413
2513141549
2513160391
2514338986
2514910491
2515407931
2518596406
2519068599
2519482150
2518591583
2519894972
2522513310
2521589575
2524230118
2524910324
2524909750
2525161996
2527538258
2531041267
2533892481
2533016351
2533074393
2533478779
2533484366
2534024309
2534707511
2536069704
2537869613
2538167935
2538173994
2538178930
2538214498
2545543330
2540807609
2541453573
2547587958
2550859613
2558319611
2558975548
2559583464
2558940193
2559732406
2561493662
2561494281
2562314956
2562537378
2565660494
2568529527
2569097996
2571839346
2574051954
2575545745
2577933213
2578694303
2578709545
2578750846
2581000525
2585090954
2587110910
2587818145
2587855956
2588184480
2587150690
2588183678
2589923714
2589897124
2589910152
2596256295
2596293998
2597417073
2597444766
2598530769
2600720201
2601089774
2612574945
2610059156
2612269622
2617723012
2618543012
2619188986
2621278859
2623433272
2624542982
2624629040
2624894906
2626518536
2628160761
2628295564
2630629867
2629787915
2631324329
2631975560
2632713270
2637862995
2641257787
2642258329
2645728428
2646492872
2647686376
2647100640
2647783147
2649637215
2649858063
2649981867
2652499472
2653802289
2654345775
2656985189
2657162017
2657889612
2658357942
2661340882
2665493584
2668512695
2669334343
2669764080
2675891014
2678540518
2678637738
2687637266
2687801678
2694955538
2698310163
2701212843
2703700834
2705029778
2705710006
2708497133
2709288072
2709473398
2709416915
2709438367
2709460288
2712907521
2713651551
2713385499
2716730671
2719186903
2719398292
2721387738
2720445015
2721374929
2721501599
2721614768
2722133108
2731880326
2732288750
2732730179
2744035871
2752657803
2752683280
2752954413
2756902718
2771478976
2771486041
2771403400
2774964016
2775941007
2785480997
2787674238
2787890037
2789717433
2789506185
2789738940
2791895920
2795696101
2798798608
2799462547
2799659710
2800225780
2800228965
2800230895
2800327865
2800381572
2800578958
2799449812
2800557660
2800355309
2800391731
2800421508
2800425320
2800453767
2800602926
2800539293
2800552540
2800574159
2801027296
2806876406
2808091003
2812943788
2812683021
2814152304
2814017056
2820433216
2820532047
2820772098
2820749792
2820770210
2832236588
2832630845
2832943112
2833457184
2832485624
2835176289
2836880836
2836886003
2837004708
2837017829
2839021195
2840542770
2841056772
2841189302
2841322118
2841529715
2843116962
2844125462
2844807513
2846829244
2846818519
2847360254
2847367719
2847131025
2848157808
2848946744
2850515692
2850508182
2850576091
2851554128
2851557292
2855105155
2856490853
2858655497
2857895575
2857904153
2857919192
2857926112
2859553173
2858994802
2860175676
2865732662
2867425518
2868522658
2868545599
2868552595
2869089281
2869107295
2869739400
2870923922
2871368142
2871372092
2873666573
2873691014
2873699160
2874048999
2874822466
2876093714
2876292901
2876295581
2876297622
2876310661
2878670330
2879379502
2879404436
2881941343
2882608161
2883844050
2884618866
2886508402
2887143264
2887150511
2889325625
2889623189
2890213788
2895268152
2895278681
2897429268
2898048609
2898069865
2899587189
2901075797
2901540429
2903631319
2904840576
2910863399
2911008946
2911228827
2912132239
2913953948
2914162734
2914261884
2914446253
2914779078
2917708920
2920268193
2920989559
2920478407
2920703738
2921087015
2921969026
2921978971
2922357581
2923455791
2923974500
2923980363
2924000083
2924023257
2924024483
2924830062
2924862672
2931436431
2936853691
2936843901
2936844663
2938034082
2938686760
2938063001
2938109857
2938682018
2938697482
2940217514
2940324626
2958437661
2961334307
2961866236
2961304148
2961311080
2961327484
2965309081
637118265
642793671
642812255
643423198
644168388
645282698
647988365
647885953
647888222
649671043
648331865
649968257
650259080
650944795
651595941
650527478
651202772
651358118
651580392
2502436006
2509691297
2509599069
2513164555
2513173057
2514329816
2514223253
2514717356
2515222509
2517221950
2518586417
2519001051
2519482318
2523274213
2524208195
2523096221
2523920276
2525873439
2532897549
2530198301
2531210937
2533047336
2533061162
2533063715
2533471118
2534209203
2534447024
2537853357
2540068090
2537912745
2537914735
2537918503
2540877313
2541404323
2541473944
2547282145
2561448847
2558722319
2558936985
2562335312
2563718878
2566057547
2566279801
2573827383
2571945167
2575210798
2576852360
2577007478
2578744538
2578760278
2578792464
2579425568
2581962737
2586115561
2589907968
2589912559
2589959191
2589966505
2599669553
2598509377
2612269890
2617737095
2617934224
2618104265
2618733282
2621232492
2624592728
2624734681
2628453717
2631934774
2632348641
2635659254
2636676329
2637467758
2638280551
2639969936
2638444301
2639565798
2641683828
2647773833
2648912703
2651201824
2650501985
2650974291
2657003811
2657045349
2657059667
2657077963
2658355645
2659157415
2663504578
2662002226
2662246714
2664232219
2668751777
2668984607
2687857442
2688032587
2692734177
2696962793
2698263723
2705639135
2708445851
2708445104
2710580395
2709426580
2713329330
2718987583
2719165655
2719037553
2718670183
2718806821
2719021274
2721956890
2722120060
2721576018
2721975344
2728040230
2728045939
2732153209
2752614380
2752606006
2753117819
2755814054
2756398025
2756681204
2758660085
2787675027
2787899843
2789717162
2789707348
2790094106
2791115652
2792425157
2793200533
2799632177
2799516821
2800357447
2800303618
2800305044
2800315090
2800331483
2800337961
2800360410
2800425599
2800443154
2800584049
2800513401
2800583015
2800610745
2801022425
2807947082
2808098057
2813258093
2813689516
2815332859
2813502246
2813525659
2814684528
2815232585
2815931296
2818062758
2820005829
2820754864
2820788998
2820747809
2820762352
2828653486
2832377965
2832572183
2833438056
2833537733
2833532265
2835178293
2834759203
2836701207
2837376360
2835707499
2836810444
2837007247
2837668904
2838559964
2841226565
2841244643
2841060549
2841832587
2843596280
2843605125
2843837430
2843841634
2845960126
2847124601
2847209877
2848938864
2848919215
2849638203
2850632381
2849621014
2850503219
2850505630
2854189001
2854198205
2855582256
2855389759
2855982872
2858647218
2858652420
2858974028
2858981384
2858984779
2861242651
2861755753
2862076650
2862045647
2868212466
2868215952
2868203164
2868225429
2868225926
2867484006
2868527487
2868534360
2869750695
2869761526
2870942169
2870968174
2872057792
2873682092
2874815161
2874829231
2874834597
2876303075
2876304711
2876315413
2879366274
2881444037
2882060900
2886463881
2889390254
2890571691
2893962374
2894007272
2895281524
2897635457
2897635556
2898777586
2898778177
2897457308
2898038040
2898061096
2899582953
2901166385
2901581885
2901590070
2903666826
2904887394
2904860507
2904826777
2904835397
2904877280
2912123950
2914740810
2914749495
2914713518
2913823139
2914266071
2917534681
2920453920
2920998988
2919899907
2920168640
2920474014
2920487731
2920704243
2922326958
2924011557
2924852311
2927247802
2936871268
2936851893
2936861966
2936864705
2936890125
2938689677
2940208824
2940209782
2940301792
2957363702
2958412382
2958403637
2958424573
2958435040
2961336217
2961291290
2961319510
2961880033
2965262027
2965283307
639686454
637559550
640768848
640785407
641543681
640764461
644360553
643157105
643192265
644205668
644721482
646033349
645277239
646101279
648203901
647057062
648896009
647457543
648237457
648908482
650191244
650852847
649773915
650009353
650043520
651364884
2264996482
2503596481
2264981969
2505393986
2502437518
2503903215
2504824000
2506402009
2509577334
2509580152
2509690516
2511473545
2511606845
2511614875
2513126594
2514746448
2516070749
2515389523
2515438859
2516141265
2517626356
2518850715
2519065366
2518589501
2523475797
2523753376
2523918377
2533467670
2533576588
2535521650
2536064440
2536942606
2538210896
2538518455
2538764975
2539268727
2541311608
2539869404
2558258135
2561380248
2558269981
2559205696
2559722878
2562625829
2559781702
2570546700
2570813469
2571136264
2573864459
2574374031
2578756289
2578674968
2578687296
2578689715
2578699441
2578704836
2578730034
2578769625
2582792454
2585861915
2587008163
2587015831
2587031585
2587118668
2588634885
2589918866
2589949237
2595569368
2596706708
2600890524
2611756967
2612349679
2616856314
2617748832
2618724245
2620987103
2621231156
2621285950
2623272293
2624739556
2624541174
2628100800
2629204009
2630665203
2630702355
2632387013
2635123284
2635685573
2636424498
2636955966
2638589492
2642513214
2645983814
2646807674
2647192226
2647781761
2649637187
2649950564
2649967476
2651318564
2652735139
2654559391
2655431677
2657515935
2657021070
2658335526
2664235623
2666117731
2667251455
2667338099
2668999737
2670656376
2682057806
2682317102
2684070171
2691920880
2697359509
2696472888
2700127455
2705678370
2705710836
2705671236
2709372762
2709179733
2709193016
2709333518
2709408317
2711595957
2713210256
2716587122
2719935199
2719932968
2719602753
2720430728
2720459559
2722150020
2724329140
2727845975
2728046940
2728370691
2735965077
2740990736
2739814175
2745754285
2752855082
2756630729
2775969750
2788451011
2789347914
2789087647
2790293116
2791065148
2793207116
2793214275
2793232272
2799640820
2799085259
2800420120
2800296232
2800489418
2800340709
2800352898
2800421122
2800508113
2800535043
2800556512
2800576456
2801012495
2801054225
2801091580
2808014247
2808298127
2810164831
2810859926
2810593063
2812682098
2813504151
2814012081
2815891133
2817326744
2817486052
2820452391
2820795967
2829268020
2832277595
2834294826
2835002583
2834198835
2834671427
2836859059
2837232497
2837708663
2838787235
2839454039
2839800244
2841273470
2841779683
2841525709
2843552602
2843226202
2843323400
2845834590
2844400878
2845961300
2846824069
2846831854
2847161204
2847190172
2847362603
2847364744
2848159130
2848146527
2850493862
2849603800
2851561120
2854162826
2854208444
2855571383
2855986598
2858660237
2857938143
2858643957
2859568377
2861192344
2868202224
2868211377
2866959644
2867418069
2868205903
2868228356
2869094199
2869759317
2872048386
2872069213
2874832389
2874034035
2874045588
2876312980
2878674713
2878935910
2879374849
2879409270
2882220334
2883367986
2883942062
2884631052
2885358937
2886456861
2886491323
2887681275
2889883924
2889392857
2890023359
2890516538
2891499282
2893950726
2895257863
2895261846
2897455107
2898032044
2898065891
2904872684
2904882979
2904897718
2904939013
2906445750
2909470853
2910979192
2910888668
2910997006
2910999345
2911004332
2914756813
2915173186
2914158096
2914257597
2914273679
2914433376
2915853742
2915884631
2916277016
2917720091
2920425976
2920042043
2920466295
2921116184
2921121189
2921128232
2922324605
2922344447
2922355550
2923742891
2924855865
2936833295
2936894596
2938093512
2938110646
2938674949
2938677296
2938692412
2940197673
2940215779
2940309404
2940313241
2947465964
2961287661
2961313795
2961863898
2961879209
2961886331
2961876279
2961887532
2961898951
2964289342
2965302107
637150242
637769325
639755322
639776395
641044966
642182720
642654645
643042664
644789783
643875941
646432524
646433451
646236192
647367142
646221979
646277441
648127245
650004241
651542271
651373378
2504956584
2509272646
2509101518
2509579622
2509426117
2510124790
2512481661
2511563363
2511472889
2513135007
2514259252
2514902911
2515808411
2515401072
2517400785
2518189893
2518602564
2517816782
2519067701
2520594628
2523292452
2523288346
2523332697
2523902818
2523903075
2526061569
2530405200
2531209016
2531213031
2531217998
2529394219
2533131209
2532695005
2532706992
2532799777
2532994278
2533008362
2533012933
2533015151
2533050514
2533460322
2537645479
2537824197
2537850891
2537907287
2538184949
2538205029
2538209238
2538227276
2538480425
2540664418
2543164180
2551304020
2556804196
2558681884
2559433848
2562750670
2568913887
2571839971
2574348913
2569726302
2570117172
2572331683
2575212077
2577415216
2578669130
2578678183
2578682398
2578734427
2578755672
2578787721
2578790039
2578802445
2588182388
2587825208
2588077073
2588252298
2587175767
2588639498
2588732458
2588635878
2589926598
2589940140
2589953127
2589974646
2596388074
2600718306
2601481484
2606595054
2608493020
2612422545
2617186497
2617730673
2623434446
2623533416
2624772071
2628491013
2626526948
2630435374
2629818311
2630801985
2630880291
2633266832
2639561793
2642510747
2642513197
2640625749
2643250459
2641347487
2649824630
2651039174
2651291589
2653799113
2656281536
2657151450
2658333955
2659023666
2657056878
2657171818
2658359417
2659488360
2659867704
2660291643
2663143011
2665123277
2664122272
2668667260
2669302796
2674573028
2674241310
2677930605
2685405769
2687143799
2689544874
2687861082
2688064146
2691735349
2692610497
2694058999
2695797531
2694867663
2694875913
2698101599
2698155456
2701165254
2705636124
2705663550
2705703668
2707511617
2709329869
2713328126
2714073957
2720325536
2721577260
2722069482
2722138725
2722142820
2726251544
2726253089
2730233141
2737735251
2740062728
2742642006
2745753737
2746364867
2752655194
2752677184
2752680668
2756407524
2758474827
2765563574
2770902274
2771983632
2771480461
2771484037
2771985819
2774745832
2782273919
2787469887
2789744842
2791254282
2791063861
2792163313
2792485732
2799471579
2800321887
2800338425
2800234620
2800460149
2800475535
2800328145
2800409654
2800431295
2800473828
2800530632
2800539394
2800553387
2800977769
2801045313
2801083561
2801096265
2802220759
2805746123
2807244105
2807802238
2810396143
2812987057
2813029405
2814134474
2814152559
2814726644
2816327059
2818058898
2820368912
2820434192
2820745341
2820743601
2820767822
2820772739
2820786670
2820794587
2827971360
2829088579
2829371369
2829181685
2832175030
2832413784
2832980769
2833416962
2835212854
2835225868
2836901020
2837230227
2837220716
2839502733
2839016391
2839637401
2839648559
2840787866
2843626973
2844364104
2844365917
2844981180
2846392101
2847122156
2847214868
2847212421
2848343511
2848009065
2848153211
2849615128
2849619560
2849634215
2849643016
2849648973
2851546355
2851564251
2854200406
2855963568
2855981373
2859575750
2858642050
2858987921
2859559678
2861375596
2862064982
2866179641
2868206578
2866951957
2868220107
2868223529
2869003324
2868529548
2868531596
2869096629
2869098982
2869741958
2870936442
2870953630
2870962925
2870967137
2871360883
2871380318
2872060777
2872046867
2874493769
2873697819
2873671815
2873690079
2874042835
2874056370
2876097021
2876307832
2877190726
2877195018
2878423833
2879393753
2881253240
2882228800
2883650872
2884134975
2884243113
2887347412
2887604386
2887159457
2889551804
2888472077
2889376856
2889383873
2889405448
2890181587
2890604808
2891499014
2895403426
2895410232
2895407469
2898053160
2898046241
2898056429
2899984958
2901128388
2901563524
2901573376
2901578042
2904831884
2904849426
2904864567
2910153092
2910553668
2910742780
2910997598
2910983508
2911232064
2910893715
2910977240
2912295408
2913829544
2914127217
2914418994
2915153805
2915855808
2915879002
2916293068
2916282439
2917708066
2920159840
2919929200
2920045583
2920310133
2920489861
2921981915
2922350373
2924875422
2924882949
2928402100
2936825940
2938069304
2940328464
2956938637
2958356883
2958368334
2961360806
2961345702
2961860858
2965271440
2965239999
2965251196
639206724
637557056
637986335
639765760
640453445
641301756
642668496
639774770
643373618
640767917
644147499
644868188
645645845
646081305
645659572
646220303
646742877
647361525
647439769
648812018
647899659
647417580
647896421
650849877
650868776
649960423
651622424
2503526284
2509406032
2509825578
2510280469
2511814495
2511589589
2511645736
2511775031
2511675813
2511816687
2511723112
2512721222
2513131362
2513145328
2513184780
2514205740
2514582347
2514712589
2514715269
2515342971
2515347820
2515366010
2515414577
2516938993
2517518012
2523295704
2523477291
2524826591
2525402414
2526241981
2531218288
2532313457
2530220293
2530574238
2535592237
2533051778
2532693233
2532704338
2533004450
2533019447
2533481430
2536074809
2536299433
2536972333
2537855773
2537866335
2538294134
2538200595
2538216914
2538224905
2538506765
2538750242
2538752664
2538757672
2538760541
2541439710
2540764949
2549845255
2555943581
2558947640
2559774484
2562208717
2567262977
2565658248
2565674331
2572333635
2577412885
2578714275
2578717118
2578757889
2578765229
2587024026
2587767275
2587667380
2588610805
2588511499
2589891391
2595380929
2602604107
2608627314
2608627934
2616431738
2617932270
2619491974
2620343094
2620651222
2620814636
2620990542
2621133013
2624607780
2624722977
2626526157
2628269791
2633276106
2646950185
2647385255
2649072499
2648610447
2651656869
2656545529
2656980680
2657081909
2658328211
2662443925
2666856472
2668622550
2669766375
2677092839
2677439044
2678981312
2685131196
2686730385
2688455106
2688685829
2695988858
2694864692
2698114750
2698122996
2701166162
2706127543
2705036584
2705677213
2708495341
2709398023
2709419253
2709441680
2713248751
2714941562
2716724853
2718341581
2718654032
2719979995
2721579515
2721978321
2723591466
2723765013
2726247605
2728085542
2730342749
2731273092
2735539202
2739410507
2752663621
2753773571
2758039656
2758425674
2758506292
2771860850
2771325125
2771371689
2771966837
2775980335
2788315327
2789741144
2789747263
2789742174
2789961819
2790441116
2790292875
2790378797
2791970657
2791164513
2793201562
2793203679
2793208507
2793220808
2795726763
2800500050
2800297221
2800306451
2800562310
2800505332
2800509901
2800527380
2800580011
2800598846
2800602080
2800986321
2801060273
2806953992
2807331614
2808080113
2812540916
2812473929
2812416127
2814135815
2813599943
2815113298
2820313472
2820741922
2820756864
2820761792
2820765020
2829059818
2829191048
2829345751
2828261219
2829369829
2828616660
2831517225
2832461164
2832377977
2833573160
2833477893
2835154218
2834837957
2837445279
2836814061
2836814748
2839499722
2839417010
2839508469
2841158254
2839935941
2841834974
2843550550
2845951553
2848941888
2849605028
2850496333
2855575760
2855580193
2858649281
2858651503
2858972107
2858977945
2858980727
2861677011
2868209076
2866946358
2868221838
2869102088
2869104932
2869110376
2869756100
2870968703
2871363043
2871375412
2871378127
2872066051
2872055577
2873669299
2873676883
2874035559
2874051351
2874053978
2876086624
2876091603
2877187385
2878925146
2879369410
2880998874
2881106859
2882605137
2884102342
2884624810
2886455427
2888213177
2889385827
2889685569
2890645598
2891146453
2890733364
2893938576
2893972274
2895259483
2898787823
2901394884
2901543835
2901556206
2902681681
2904844001
2904893489
2910040424
2910223492
2910981377
2910985933
2911000429
2911002060
2910879446
2913813585
2913969922
2914136593
2914078028
2914249017
2915156716
2915165660
2917718092
2919925925
2920213664
2921114592
2921970602
2922330785
2924883839
2924867737
2924842976
2924877252
2931431488
2936909488
2936886269
2936838791
2936897898
2938025120
2938032972
2938080516
2938098157
2938699777
2938702038
2940201434
2940317096
2957361540
2957367409
2958364008
2958370879
2958388633
2958416791
2958444222
2961295751
2961869325
2961894459
2965247053
2965288379
