gene	ko_K20509	
2523918373
2513135003
2531794836
2571944928
2576019189
2571943320
2573193351
2608637562
2638993258
2637146528
2637147372
2648912708
2658334075
2700127451
2789741140
2793232246
2793232268
2810396139
2812685091
2812685170
2800979771
2829191052
2832572179
2828261223
2829059823
2829429576
2861516921
2869004924
2881106860
2891789563
2888472090
2901568874
2886511483
2904835942
2904895380
2915884635
2914078092
2920042107
2924023201
2914740732
2957361544
2958408340
2947467142
2958448247
647882503
640766967
2543312364
2538172373
2561351554
2571136268
2571841792
2571135938
2587767279
2578668766
2578785597
2587026972
2588181812
2596709858
2603584295
2629815691
2608627597
2620653576
2642258334
2657675220
2658328532
2667251451
2709441676
2709405411
2712907525
2705702072
2722071462
2752595913
2792561751
2800414520
2800233264
2800489521
2800991406
2805656201
2832252343
2834289899
2837376593
2879374853
2890516542
2899582938
2904877284
2910981373
2911764821
2904877678
2914122719
2914257601
2914446189
2914759090
2922324601
2915863693
2938034086
2940336103
2958396754
2940307723
2958370540
2958399714
2965288363
640785403
2513160395
2513152611
2565664197
2570813473
2573864109
2576620991
2589980443
2599667317
2587797768
2619871947
2647785458
2620815396
2641485880
2666117727
2669334339
2695988862
2691736003
2698263727
2705639140
2714069321
2716730666
2709428011
2722064346
2731273870
2752614374
2776022164
2789742378
2790378801
2800316683
2800360406
2800605874
2814154139
2815332854
2815307689
2823183053
2832981803
2847161199
2849643020
2841321693
2841322838
2848938859
2854166557
2870950518
2873673025
2879382966
2904844005
2910888672
2911230845
2914162670
2920489865
2921114596
2921116188
2924000087
2914738286
2919929196
2923998511
2936897894
2958364012
2965240003
2965257104
2965298720
2965298727
644147503
2965280958
2515414581
640762094
2509579627
2531216150
2534708081
2536072718
2558729992
2578707270
2578734084
2578737394
2600718311
2589916671
2612271835
2617925280
2617926752
2632713266
2624592320
2640396715
2657004409
2658335423
2667338095
2670098790
2670101160
2716587585
2771984968
2800321934
2839502737
2837005326
2849640247
2857905705
2889325621
2893976179
2891148370
2901128392
2901563600
2924857982
2928402918
2940371637
2957363698
2961284916
642812259
2965273500
646433403
647896417
648893825
647897830
648907235
2513131383
2513141553
2517246475
651580822
2517400338
2518189497
2571839350
2568943676
2568941608
2571838919
2587010877
2589935791
2589936052
2600889745
2617933594
2649858363
2657060724
2668986078
2693157958
2698122985
2705678833
2752849457
2758474819
2752850239
2800552544
2800577936
2792422491
2815214440
2820434765
2834097232
2834200018
2836882338
2843606607
2886508406
2894002846
2873701412
2899587193
2895405788
2898061100
2904882975
2919925929
2921087019
2924017587
2914156847
2958379817
2965290778
2938058494
651558514
643122170
647886277
648127577
651364888
2515366014
651362276
2513169600
2515363687
2532996599
2532999032
2547515759
2578769629
2578802050
2663170814
2713212946
2721962424
2718989177
2720325540
2752657799
2752657408
2791067885
2791115648
2814011474
2800518071
2800598165
2829181681
2837115845
2837607957
2820807399
2833416966
2843223067
2845961304
2857934466
2868225931
2841155946
2857894393
2879389745
2887150515
2887681271
2889812849
2876078684
2893962370
2890415502
2890662776
2912132243
2913829540
2914136597
2904841952
2911609098
2936877910
2922344431
2961343455
2915848948
2915910526
2922346283
2965262002
2938072932
2961290828
2961308249
2961342245
646289863
649892337
2513173036
2514902907
2514907892
2519031927
2538167939
2536070006
2565674335
2558720308
2565670692
2574051336
2576853467
2624749886
2636405302
2657152253
2694875917
2709176527
2732146299
2758505113
2800325247
2800510989
2810859966
2839922040
2826440591
2839021190
2844364119
2868527483
2873697823
2878927436
2898059232
2898065473
2921101444
2936909492
2914262349
2915920947
2920268189
2920426344
2921980659
2936827380
2958444218
2940347491
645626641
646034100
649917216
2513126590
2514223249
2515407942
2526062241
2527115592
2547479296
2568913891
2578765233
2588184484
2589891025
2630665198
2656281540
2664235619
2668751773
2683329838
2698310167
2709436381
2716724849
2707511374
2735964900
2752665008
2791895924
2814013999
2818062822
2842668247
2870944139
2870925004
2874497295
2904864563
2883940589
2883940601
2899591435
2910979196
2912123946
2914748593
2914757086
2912126485
2915878923
2915915229
2921974857
2924012693
2924841595
2936842892
2961345303
2961348795
650608454
646236188
647439067
648881956
2530405205
2506402014
2522513306
2503900631
2514582720
2514719197
2519889677
2533007897
2570868935
2571233599
2572333297
2576025355
2596284574
2612422549
2620494805
2619490003
2624542248
2638992542
2657771949
2705663549
2705666605
2752683276
2771403404
2785464120
2752679623
2807947071
2813689520
2820007442
2800392653
2814149579
2820752412
2835002613
2841226761
2845960122
2847177277
2847186385
2868223524
2855580188
2857938139
2873676879
2857937506
2870945491
2870945595
2873671997
2894299639
2901537588
2914078024
2920478411
2924023261
2914249021
2920041545
2940320865
2958448228
2957360715
2958402168
2965277805
640764457
643096723
643373292
646277453
647442845
2513179851
641003870
2515389512
2515389519
2532799773
2532793817
2538173967
2524342001
2569726306
2578742646
2589923718
2626526439
2645728432
2649072504
2651201820
2662979260
2675891010
2695063116
2701166166
2709329873
2722161944
2742640784
2789502436
2798798604
2795727479
2805658601
2806952435
2806952893
2807597768
2820747803
2820792525
2832252648
2838787240
2849601991
2868513873
2868535859
2868535463
2879375170
2898053164
2899582949
2914446257
2920989554
2914724443
2922352590
2924871556
2936864701
2938113422
2938113244
650527482
2965227489
2502436340
2504587089
2513149665
2538612611
2547282149
2578719483
2587004677
2587024030
2571244539
2576619395
2589902113
2611743615
2620814632
2639971871
2641259036
2666118693
2675273744
2713248756
2740992270
2765563570
2771325129
2756681949
2800434479
2790378397
2837708659
2843116958
2855582251
2870936446
2870953634
2848003476
2879379498
2884624814
2886466823
2894971315
2903667137
2914713439
2916292942
2917748979
2924830066
2936844667
2940317100
2938044970
2938080500
2936896609
637150237
646213477
637262759
640762602
645482880
647877594
647877336
2515438863
651541264
2510280062
2517518796
2520590822
2538506761
2536934373
2538036107
2563196121
2578739099
2578775235
2589949241
2617925852
2618724249
2624629186
2663144653
2705032378
2722069478
2752592735
2752677180
2789344125
2793220804
2800321883
2799450499
2815085543
2832485620
2836901025
2813276367
2833537737
2839648555
2841181993
2849634219
2844981175
2845941262
2849638199
2855540150
2882158603
2854197372
2884621803
2890646402
2893974019
2898038044
2914383542
2898045471
2915853737
2924008670
2958437657
2940373298
2961316821
2961355682
2965271444
648889606
650009357
642809548
648889280
2517582595
2561449034
2566056438
2573828629
2578795591
2588626450
2587013806
2599218012
2599669557
2589910494
2632348637
2612574943
2638444296
2668669207
2695127382
2698122992
2742545501
2752849458
2756631619
2771860854
2774689808
2800383141
2799640945
2801075901
2801025268
2808298115
2834504445
2838559968
2858649276
2856683961
2868211371
2868225434
2870931790
2883367990
2868549342
2876086620
2879384684
2893966687
2874491726
2876086289
2889390250
2890215990
2893938640
2901593863
2914158092
2901591718
2917534685
2914130069
2921089068
2921975909
2924852307
2938057162
2958379836
643123030
648127878
2965294208
643157109
645659574
646223473
2515347816
2515363713
2523292448
2536966458
2558683274
2562673986
2569095929
2570114968
2578769262
2597444762
2601480938
2618728341
2618733286
2628807476
2656545533
2652747615
2692734181
2692611761
2722061200
2752648891
2752951213
2785478774
2800971630
2830054026
2836859574
2827976780
2847360259
2858652425
2868541196
2868546933
2876093146
2887143260
2889392861
2898032048
2904939017
2914433312
2913856486
2914719407
2938110642
2938107902
2958375757
641246628
646079699
648203903
2504957265
2513173053
2536069700
2549845266
2566294477
2574051958
2578792468
2565678681
2566295336
2578693993
2570748983
2570816927
2588079394
2621284458
2624721252
2657077974
2661340878
2667317038
2687810856
2697359505
2709408322
2705710832
2728040234
2793200537
2795853647
2812540920
2799659904
2810859932
2806223330
2820533231
2820775331
2841431392
2846392105
2844361940
2901573372
2887601878
2903631850
2926654805
2924001519
2936822525
2936825936
2936818917
2958441712
2961322990
646034107
651542267
2535647655
2513162618
2533004462
2536942602
2535651674
2547479931
2578781603
2588610813
2588608914
2589940325
2597416645
2612346221
2647686380
2618542331
2633476600
2636578086
2666856476
2663915360
2664123131
2684069925
2684070175
2707508748
2707510551
2735965081
2800475539
2829849894
2801054835
2802715004
2813026018
2815842078
2820769143
2854178706
2844365905
2844368321
2854178239
2854181604
2904860503
2883940586
2890297936
2893952256
2899598584
2910040420
2920487735
2923980359
2924024487
2924867741
2916277020
2924011553
2924026267
2938025142
2965251537
647457524
650606464
2524910328
2513133111
2513133584
2514583101
2574187699
2578714279
2583022630
2578713909
2578755345
2587032833
2599710032
2606407514
2608493417
2620494837
2621277966
2621280091
2650972803
2658332257
2709438363
2713329325
2800338420
2805543454
2821862163
2800366857
2830046335
2840787870
2837090113
2828260858
2857902883
2857913898
2886510816
2904897714
2901538558
2901569644
2914131879
2920449749
2914252176
2924875426
2914251520
2924873301
2928326929
2958403641
2961319514
2965276457
641542201
646275406
2513178154
2517205042
2532795499
2533133608
2539668824
2578674575
2587110905
2578679977
2578726696
2589921516
2633266837
2635659250
2617737904
2650501989
2659869985
2667250779
2669762361
2689563461
2698101603
2695025946
2701165116
2730233145
2752597353
2774786830
2758047380
2789503563
2795726759
2792558670
2800488735
2807326940
2820749788
2828616656
2833565135
2832377981
2820755221
2820776343
2832377154
2836814744
2855586190
2882605133
2879401216
2886455431
2886451848
2894287770
2914122787
2914273683
2915855812
2914757628
2916284262
2922333776
2940201430
2940313237
2956938641
2940311556
637228502
640784066
646432519
650191401
2513152618
2514403355
2538157540
2538294139
2559433843
2558949356
2571246609
2575545741
2589964332
2578718778
2589981913
2634112053
2648610452
2620817070
2657889616
2669302800
2675274770
2709472992
2718806831
2788315323
2791065152
2815931300
2800317459
2832980765
2814137019
2882220330
2895267138
2898787828
2879366061
2890023351
2898789730
2914162738
2957371304
2922358442
2922359739
647986499
2965294899
646213406
650004237
2536074813
2536935480
2538506605
2538182039
2551304016
2551302512
2558270779
2565699481
2578734431
2587816512
2578723429
2587818873
2602604102
2616856068
2643250463
2628270945
2639559949
2658335522
2657171011
2669106243
2687155558
2714073961
2721374620
2789089279
2789344218
2799449816
2793221735
2800397192
2800501527
2839935945
2820755575
2843226207
2849648977
2855575755
2849635679
2873661955
2881253234
2882404872
2884243117
2914266075
2914750219
2898036883
2915905544
2923974504
2924007941
2915153020
2936217560
2938063005
2923976806
2938067201
2958356867
2961286693
2961337368
2961337872
2965309050
642197273
650043524
647454407
648892463
2512544784
2513131366
2514913440
2515343031
2513131902
2515805624
2519889140
2519064788
2535711935
2540664421
2558231565
2578797536
2588732453
2577233066
2587012492
2619346797
2629204004
2651291593
2633622083
2661259568
2713816956
2771371635
2788451007
2800578962
2800520397
2800523505
2808298123
2832174586
2834505594
2812400905
2849615132
2857920027
2838562524
2868552591
2873699164
2870933671
2886463885
2887159461
2894990775
2889402499
2898778172
2901399310
2904887103
2914127213
2899587651
2901558273
2904831028
2904885193
2904904172
2915156712
2958429543
2924018065
2961327488
2961350750
2938089798
2961295416
637769302
646220326
646085753
2505286007
2509599065
2513167012
649701920
2509406668
2535592232
2533131361
2536965977
2578689719
2578802449
2583137007
2588506003
2589894895
2656546642
2657173967
2677598456
2713651555
2718989424
2721961130
2771998980
2793225161
2800297216
2800331634
2800450816
2801049503
2801090074
2836859055
2839016387
2820773759
2832629375
2837607453
2841273466
2843596276
2849621010
2861677015
2841157697
2868516984
2876077515
2889398874
2893936027
2894007268
2901120021
2904815069
2904826773
2895403798
2904855950
2904936797
2913971011
2915907803
2916293581
2922344443
2965267215
2921981666
2922350389
2938032961
2938032968
2958373890
2958416949
2965261768
2938030903
2938109370
2509101354
2515339562
2513175676
2531209024
2565672146
2570750627
2587825213
2587092412
2587103287
2587105468
2624608806
2657021075
2657077613
2657196338
2695797527
2698155243
2705660813
2709176525
2787475138
2758051517
2787571926
2814134478
2814684788
2826442206
2848009061
2849605033
2854206154
2889380675
2868524182
2873687704
2882409541
2899580116
2913813581
2913960568
2920998993
2940301788
2940305590
2940348124
2958388061
2940300198
2940304010
646034091
646034095
2506408024
651358435
2505394923
2568913528
2570546350
2589940144
2576067351
2589942737
2599024526
2618543008
2631436894
2655218423
2656280150
2658330511
2668881295
2705614373
2709416919
2709374211
2720459555
2745754281
2800584053
2800409399
2800420099
2808096194
2800294642
2806874580
2813027325
2829268016
2833532269
2840545528
2841244648
2858647223
2857924266
2879393757
2886491319
2886490355
2899591666
2911232060
2914705332
2920045579
2912123721
2914417689
2914754995
2914755224
2920310137
2920048651
2924865254
2936843897
2938075323
2961300077
2965251207
641045144
646233986
647888094
2503634407
2510412203
2541375182
2541373600
2550859557
2558938576
2570870754
2571235495
2571945171
2578755676
2577930963
2595533269
2596293799
2596285348
2621278855
2617935548
2621234381
2657517151
2663505703
2696472884
2709399892
2771402029
2800337014
2801067330
2813259798
2821861827
2836701215
2846829249
2832276645
2836700767
2868209081
2873669303
2849163966
2861192908
2888472081
2881680762
2887146192
2889384622
2910992049
2923985843
2914388374
2916282470
2914391199
2924878752
2936833214
2936851897
2938103226
2936838744
2936851443
2965247057
2965306659
2511473985
2532799748
2539669518
2543312777
2561380243
2566279790
2566279797
2569442146
2574374429
2587767368
2596256291
2601483495
2635659238
2628100804
2628374699
2629911493
2621196782
2635659018
2658328715
2645730547
2657155770
2659157411
2662980483
2669764573
2675889621
2694867667
2694955542
2694868152
2694957594
2705676884
2721886156
2752655107
2758618270
2792560752
2800414405
2800425595
2805659153
2800443568
2820313652
2843552607
2841315774
2845955085
2876071847
2868512938
2868534356
2879409266
2876073804
2914271450
2914446677
2915864199
2916286580
2920707260
2922353609
2936861725
2936859445
2958368330
2956937317
2958397544
2965231348
2514403695
651596632
2509274068
2513160412
2524208199
2509270805
2513154884
2513157787
2514205065
2514405031
2525403412
2537824193
2537172928
2538153693
2570321454
2558259477
2570811638
2568528963
2568530629
2572165706
2578750517
2570813140
2578717428
2578748715
2589901762
2589982649
2589979996
2611741398
2620342028
2624542896
2658358716
2691734901
2695990580
2705636129
2716928624
2721956886
2722065131
2789717166
2771323756
2788316102
2807242444
2847369636
2854162822
2869008399
2854163700
2874493980
2904844250
2914736839
2913817297
2914711963
2938039740
2916290637
2924828101
2958426574
2958426691
2958432748
2965243114
643423202
644147276
646228182
648896117
640770164
2510278512
2512481666
2515397193
2515441720
2524909476
2531041263
2531218284
2538026541
2536074503
2538505440
2541311604
2559583557
2562625960
2563718873
2569390184
2577413138
2578775568
2579646869
2589918870
2595405236
2611756332
2589926781
2617731995
2632640397
2637467754
2642510751
2648182665
2663143015
2721374933
2732150674
2792482437
2800502092
2835151456
2815231945
2837445275
2843323404
2857908463
2841780943
2845937429
2890733360
2884134971
2915153801
2901564227
2914383474
2914750229
2924855861
2920051711
2936871272
2924009093
2938102387
2961313799
648893837
2965275039
641390161
650040458
2513141570
2514746471
2515808415
2516124518
2523792389
2504824794
2517398784
2532897728
2533020885
2547588228
2578699108
2578797112
2623433268
2633211455
2646539258
2657059671
2656981323
2668984603
2708445996
2731884113
2757442606
2775970982
2789342939
2869001741
2857919747
2868215947
2879404123
2873692657
2879386487
2895257867
2893964631
2894000356
2901556332
2901554846
2914158160
2915889418
2913989393
2914753459
2938098161
2940215783
2924852761
2940326880
2958427847
2958427936
2961350769
2961328487
2961354652
646221995
2514293643
2515347761
651556206
2505287136
2535570838
2536063966
2547517624
2569098000
2589953131
2589974642
2589954486
2618733302
2623533420
2617736053
2631324324
2657174312
2672269027
2685131187
2695104894
2744035875
2771966833
2788447249
2799462551
2800328149
2800533241
2814011382
2834198839
2846818514
2839416054
2840542512
2846824064
2847364739
2868538509
2868545603
2839016112
2841276538
2849622115
2876093718
2884084170
2854194034
2857929993
2883816538
2879391059
2889393514
2889396396
2890025395
2904840580
2913969918
2914720533
2898032928
2912132253
2913859271
2913953952
2915846706
2924842972
2912130068
2914718775
2916295844
2936879884
2940205329
2961291314
2958417623
2965267235
640875051
644790165
2519034444
2514910470
2510124284
2514456641
2537642319
2558721997
2588668210
2599662854
2587091548
2642513191
2648050357
2652735143
2657020954
2657044588
2670657521
2734494590
2752642038
2799471432
2800355313
2800550240
2795856487
2836679556
2868228361
2844126455
2895281520
2882228624
2886456857
2898056433
2910153088
2913813882
2909751266
2920466291
2923983705
2927246909
2923983106
2924001035
2927247915
2940324622
2965302103
637410133
651358122
649968253
2503596487
2515407935
2505394604
2523332701
2526282861
2535648995
2562538540
2576067739
2570544964
2574348215
2588252294
2578702800
2588611046
2589889266
2589906029
2599024498
2617186030
2664122276
2658330512
2677439755
2687861086
2687860786
2709372758
2702058458
2718341408
2718344821
2793225984
2800341902
2800497181
2832236592
2808094270
2820745337
2834304419
2847362608
2842669180
2846821020
2857926108
2870954891
2845837194
2854170097
2870955509
2882060896
2890604804
2879394937
2914418990
2914705344
2893949592
2898038602
2914419058
2914779082
2915165664
2915171910
2914706864
2919895117
2915875830
2961301085
641044962
2961302070
642793667
2519001056
2514260464
2532314276
2558319615
2577933217
2578712428
2600966872
2595571917
2651084361
2651084394
2657515939
2657773134
2695043470
2696491410
2697550192
2775980340
2752683258
2758660081
2800306380
2807947078
2813258089
2833505579
2836701211
2821860510
2857900705
2873677587
2881681628
2887146357
2889383869
2886510884
2888469691
2904898251
2915902271
2920991886
2914131811
2914740069
2936830768
2914130396
2914247532
2914745302
2914746760
2915901041
2923987444
2936838795
2938103218
2961319349
640453675
643373614
646277445
2509745020
2511471667
2515386707
2515402859
2538173990
2539668941
2524230999
2569066866
2569442480
2565666656
2578674972
2578678069
2578672856
2578787342
2596706711
2621196170
2659871567
2665123273
2693739156
2709405409
2742642002
2789747267
2799656455
2800607730
2800540194
2800961460
2808090999
2828616296
2837376252
2839637397
2861203899
2876073750
2882604939
2924033035
2911766813
2914125135
2920469920
2924870007
2940309400
642727198
2504107976
2513150187
2509270799
2538157528
2543317201
2585090957
2568529532
2570321109
2578750850
2572165367
2589964044
2611742477
2658359599
2669303822
2682057809
2682055831
2712161423
2709246088
2721954383
2739814333
2771405034
2752615119
2758041521
2770902270
2790441112
2805616809
2800514290
2801013104
2801059198
2815307371
2832943108
2833457188
2820369376
2841322114
2873674364
2868206573
2886467040
2870938601
2873680960
2884238700
2890023702
2890025059
2901543839
2913505576
2906446004
2916293064
2921119036
2936890121
2936894592
2958435018
2940315375
2957373481
2958364173
2965240011
647367137
651540214
2512416753
646215559
650005638
2507209834
2524909754
2545543326
2565695853
2578709194
2578732371
2569388195
2577414870
2589926613
2595405229
2589969184
2617728091
2629489639
2635123280
2639564735
2657056873
2658356081
2658016122
2687153434
2721983140
2789344219
2800527375
2800602922
2805464347
2800548880
2815232589
2812683092
2832462480
2841779687
2844981176
2849650898
2854188997
2854198201
2857910261
2876081198
2891773398
2889326268
2895410766
2910997602
2957364608
2958356698
2961334257
2961336213
641387502
2961282404
2961360678
648904789
641232335
641387236
2517581650
647896122
650009509
2514913423
2523288350
2513141200
2516938115
2519069678
2519482148
2535711198
2538178900
2538178926
2539685715
2536972062
2558232016
2573827387
2571837322
2575552612
2587175771
2575552266
2577230362
2577230988
2588098916
2596267623
2589912097
2600892449
2632386752
2657059679
2662165864
2709419257
2731882000
2780288211
2787469883
2812473934
2812681951
2820788994
2831517229
2847197345
2843605129
2848343551
2838562347
2849616162
2870960865
2879404440
2889551808
2886846334
2901540433
2887343806
2890572252
2894003103
2901166389
2901578038
2901164049
2901548000
2915871196
2914753937
2920996536
2921132976
2924848761
2938093516
2938095451
643042660
643123100
646718243
643042039
651365574
2517121887
2526241977
2536065838
2561495343
2578767483
2596804179
2596803518
2637715799
2637715522
2685131191
2695104715
2692734955
2692735207
2706128636
2800562306
2800602085
2800459389
2800556516
2799515901
2800231575
2800311016
2800602465
2801094689
2801096924
2829345755
2830051376
2834671422
2832630866
2857895579
2858651498
2870967141
2861676222
2870966546
2890181591
2890025806
2887152222
2893961100
2904849305
2910223496
2904815791
2904854155
2914136529
2910223042
2913956650
2920168636
2958416795
2917712183
2924844917
2924847700
2938070279
642716052
2504958864
2516070745
2533019451
2531206057
2549845259
2538166980
2565724845
2565725509
2578760282
2577546031
2577546856
2578792068
2587807606
2588668076
2600721472
2621286902
2638589487
2642511664
2653799109
2657223684
2687811900
2729238561
2734492577
2814132441
2843320537
2820775332
2844364108
2868205898
2870969698
2883588438
2887604384
2891499018
2913823143
2913825333
2936822473
2958388088
2958418406
2958390057
2961324870
648785095
2513126583
2513124821
2533002458
2536941921
2562177598
2575210802
2575208783
2578704840
2576065424
2578779321
2624745121
2617188975
2651656873
2668882520
2698976881
2698787644
2709333522
2709398019
2718341291
2718502186
2722133104
2735965270
2799632181
2800437872
2800574628
2807802226
2808098061
2815189597
2818064959
2854183814
2843550545
2857927599
2873665310
2873666577
2873663766
2889783949
2883940604
2884617804
2914703783
2924840287
2914747804
2916276898
2923992085
2921094242
2924881795
637559554
647439765
642793809
646736753
650608136
650868781
2514716907
2519894951
2533008366
2503633465
2510410635
2531793423
2533010633
2572333639
2576027258
2576020113
2570870325
2578753644
2587858412
2600720196
2624772075
2617724340
2617724575
2624771603
2626519025
2650974287
2663504574
2689543314
2697547630
2703700830
2703700781
2721975348
2793208435
2800305039
2800446622
2813690420
2820770946
2841226252
2868529552
2870947307
2883844054
2861189611
2868522051
2881444749
2881681629
2889385831
2878936653
2898069861
2898048613
2916282443
2914077080
2915882223
2961311076
2958406026
2961310881
2965308662
2965245368
641003005
2515401076
640453423
643097123
2509426627
2527538254
2540068239
2558937542
2565664551
2561998698
2569440565
2569724106
2569725902
2578744204
2577006567
2578667095
2578730177
2587666013
2589923329
2596706205
2601477870
2603583922
2623272289
2620652627
2621196992
2657161203
2669764734
2663233754
2663234988
2693739871
2698114746
2709276971
2728085292
2774786824
2752655198
2789959812
2801045048
2800609873
2807326948
2807595498
2832377969
2818058902
2820777985
2829089294
2849603804
2834502367
2854173626
2858661305
2854174759
2879409239
2890905333
2879375315
2913964517
2909469561
2914258330
2914757635
2922326954
2922355554
2924869362
2916283943
2922325178
2965288375
644360558
2940334421
2958368968
2533012622
2547282157
2570319406
2581000529
2571246264
2585087267
2586320375
2631934779
2631931024
2641488526
2657081905
2674575665
2675274518
2709243454
2709426584
2718806825
2698265093
2740991175
2771486045
2791063857
2807244109
2807244117
2800453370
2815307831
2820596871
2846831859
2848003856
2873682096
2879366279
2893971888
2913281666
2901545702
2904893485
2915888310
2914164264
2915887008
2922357585
2938039748
2938080512
2958435036
2936888937
2936891380
2938078434
648783242
646231104
651373374
2509825582
2513145339
2265001442
2510280330
2531041903
2531219268
2534707515
2538184953
2563787001
2562750270
2565699722
2578723844
2587301182
2589966509
2596387957
2601091817
2595402255
2632712991
2624896863
2630877067
2632712878
2657056874
2658335521
2669107600
2705030493
2746364872
2756396614
2790094102
2791970653
2792055752
2792482641
2800302737
2800528108
2801028019
2820767515
2815229075
2843119489
2832483944
2844810588
2858642045
2873660795
2876097025
2881712220
2854185640
2876083130
2891146457
2876098437
2890428576
2890428705
2887154904
2898046245
2914751750
2936902522
2921968089
2957367405
2961284710
2961286523
641384853
2938066786
2938101033
2961286411
2961331809
641384871
647451054
648906706
2513184757
2514912630
2517579428
2519889157
2519883843
2536972329
2577232935
2577232586
2578697375
2587008149
2589935778
2587176490
2595570450
2596268646
2654559395
2654559396
2654558199
2661260781
2693156917
2695130897
2721387552
2771371685
2775977146
2789029144
2789961815
2793197561
2800228993
2814016447
2815204169
2800375726
2811557295
2820742184
2837007251
2808299203
2858643952
2873691018
2880996508
2889401436
2901556210
2889390474
2904902074
2898063946
2901164047
2904873641
2914127281
2919925968
2921132158
2921971303
2938086690
2938086728
2940217510
2961327815
2965290797
647883091
2513167005
2264981965
2509405527
2533026626
2536064444
2533026558
2557097522
2578687688
2578799991
2589897128
2589972062
2619188990
2630435379
2630629871
2640625745
2647385250
2657174295
2668149647
2694865571
2701212839
2718987587
2721978325
2789735160
2752855905
2800226660
2800516954
2793223079
2820765024
2834197462
2834294830
2839800240
2840542774
2820794973
2820796465
2834296047
2850632376
2855584537
2884102346
2895275510
2887139633
2901590074
2914433380
2913971097
2914283189
2913972751
2914281024
2938069308
2938050101
2961305649
2958376754
2958394933
2961308122
2961340655
639206658
2965269080
649893692
2509839288
2510129113
2518160996
2519034443
2514904492
2515338857
2531206964
2533019142
2536067835
2563279228
2563279235
2565676313
2570818418
2582792458
2578790362
2621291663
2599017538
2621290536
2624608804
2642513201
2657021074
2657045353
2670656380
2667318717
2694875928
2709414976
2722138721
2730342788
2732149226
2771478980
2752641343
2799659714
2800507012
2812416131
2820786674
2844125458
2845951549
2855578536
2852225609
2873695066
2901576286
2889405540
2898065887
2915917214
2901572562
2901577526
2909749582
2914422237
2936907226
2958412386
2921103397
2924005594
2927246312
2940208820
2940323002
2958443690
2965302877
644721487
637412899
651542417
2513164534
2514329812
2533004454
2540877317
2536941425
2538518899
2570546704
2578781988
2568911845
2587031589
2589891395
2600883826
2587031098
2589907617
2589942211
2623518315
2628491009
2618540308
2624746829
2647686477
2658331871
2666857576
2677440984
2683328026
2687859155
2789707344
2787899007
2791060721
2799085263
2800498079
2806876410
2818062754
2801001114
2842668331
2844365913
2868203159
2854177426
2870923917
2884618870
2861243897
2880998869
2889685565
2890300059
2893950730
2883940592
2904857159
2914749264
2920174000
2921099832
2921128153
2921097883
2923993366
2924841026
2924861567
2936392011
647058536
637559199
645645843
648885482
649671047
650260085
2531794862
2519894968
2503899998
2600966869
2595530356
2621232494
2612422110
2617758848
2696469671
2705666229
2724895544
2729839171
2793214279
2800425324
2821862153
2799595658
2820451761
2832274792
2861594818
2868202219
2868522662
2868529699
2857914420
2881941251
2885360714
2904835401
2914388306
2920474018
2920449755
2924877256
2936833299
2914745306
2924875010
2936835689
2940332267
2940319190
2940330687
2958407935
2958445325
2965308654
650849881
641003014
647882484
2511473433
641543683
2565664558
2578678179
2587026111
2587026143
2588182384
2587148648
2603583473
2596708012
2596708947
2620650930
2659869488
2677930610
2678637734
2695066977
2752646186
2752663625
2795697542
2807595506
2815891138
2832252967
2834503674
2839507992
2834287594
2845955708
2861206834
2879369414
2879369421
2879400503
2893956388
2897635552
2909470849
2898051523
2913963428
2915857987
2922328378
2936861970
2936866387
2938034795
2940201224
2965228747
637228815
637226772
2517816778
2509270812
2513150180
2523274208
2502432772
2517817714
2533014846
2543316137
2573864463
2576621350
2578684848
2572163690
2573862374
2578682787
2589901749
2600724767
2638553224
2653802293
2657891212
2674573024
2678981311
2691736366
2698265825
2727845979
2770903274
2800352894
2807331609
2790436830
2800332824
2800487204
2815113293
2828652006
2833477897
2828648600
2843115214
2849642874
2893972270
2879362657
2904892109
2914711960
2914736834
2917748550
2917746195
2938044823
2940209786
2958364019
2938038102
2940211427
2965283303
637261843
2965254905
2965256541
2965280784
646228114
2517109314
643446388
645276866
2507209802
2513145332
2513145392
2545543030
2563786954
2577415220
2563787559
2578709549
2569389847
2578721903
2578739434
2595584138
2612270754
2639565802
2624740339
2657003807
2656986296
2716650624
2705670405
2774745836
2792487078
2800535648
2812683017
2813276524
2833539776
2812944390
2843118577
2844983142
2849647046
2880956713
2882158547
2884631056
2887155952
2889623193
2901563520
2898777581
2901532462
2904866664
2915903714
2901530727
2904868361
2928402096
2920993528
2936871626
2961334311
2965309077
2958439369
2961360802
642811263
642197955
645282702
645282443
647454422
2526205494
2513183986
2517246228
2519068403
2533021000
2535711356
2539685246
2547587962
2578699445
2567262428
2575550582
2577230731
2598530774
2632387017
2628926716
2649860421
2649859993
2668667264
2662167586
2709461561
2758474823
2756630144
2756630513
2775976933
2790100635
2811557387
2823230605
2833573164
2836883885
2855574763
2870959577
2880996507
2886463978
2893938511
2893938572
2901394887
2904872680
2886509076
2890571985
2901075701
2901579891
2904880515
2913988370
2920573219
2915871978
2921109304
2921108118
2938093533
637769472
2938088472
2961295755
646220307
647885949
2961297127
643158750
649704381
648808163
2514339653
2570117176
2569097686
2570116780
2578689359
2583136975
2589958754
2646325151
2652746467
2663169390
2672269926
2672271383
2692610501
2696964034
2709193020
2722060368
2721977941
2756902722
2800557704
2805746127
2800298905
2800357097
2827971365
2829371374
2834301665
2841190301
2843596989
2854190920
2890660414
2895278677
2890413009
2890178015
2893936840
2904849422
2911000433
2904827077
2914720528
2936853687
2913826482
2913968971
2914134725
2922350377
2965262023
2920453811
2964289338
2958393717
640875086
640893102
644168384
648162499
648811350
2503525142
2514902900
2514910487
2531210414
2533016661
2537645763
2577547205
2563280469
2565657997
2570818753
2576853499
2578758254
2579601190
2606419350
2621292440
2624735087
2647781323
2657077967
2698155460
2705660312
2694873954
2695798974
2758506296
2758506297
2793218305
2799471575
2800500054
2800956423
2829369833
2806222680
2849604758
2848008893
2852227600
2868220112
2860175681
2868212461
2870968178
2893944166
2868526066
2887058886
2889405452
2886457769
2889377632
2911006798
2895282067
2921121193
2921119878
2958388637
2961322504
2940207229
2958419168
637410126
651358139
2538518459
2524921470
2527112979
2558976928
2562557331
2576844236
2578763299
2587120352
2636578617
2663912894
2668754128
2698788846
2739410948
2776462271
2800420116
2791895773
2793230127
2800307053
2807802234
2812422138
2814013908
2815206083
2815836231
2820769142
2833438060
2841429651
2845834588
2870942165
2897455111
2898041192
2899595587
2901581881
2899593541
2901583932
2904862069
2914704442
2914734404
2915879006
2917683889
2920045647
2921099882
2924867759
2936886273
2921125178
2923980737
2938025124
2961345706
2938027999
2965251200
642643872
647457539
647888226
647891781
2264996478
2518602568
2550859609
2571235811
2573193678
2573191993
2574149192
2576026894
2577932809
2581962741
2596293994
2595533276
2596294028
2599711946
2619491979
2612423837
2651082936
2652499537
2659023670
2700127277
2696474807
2696493932
2775941003
2752680664
2758663223
2793207112
2800421126
2800583019
2800610858
2800506603
2820771136
2835176285
2837220720
2832823546
2837263439
2847190167
2849164183
2849165095
2861375592
2861594823
2861192894
2889645966
2889386763
2898049553
2898072212
2920042039
2920451278
2924021422
2947465965
2961310773
2965277968
647442827
2512369904
2513179868
2515401088
2524231335
2577007474
2571134106
2578669134
2578744542
2578728457
2578787725
2586115557
2587856745
2650496983
2657674069
2659157400
2659158231
2665122091
2675893450
2695026001
2708497129
2709286746
2800594933
2808080109
2808093404
2818058823
2820313863
2828616655
2818062377
2879371149
2893955283
2915860171
2922330781
2924032973
2922331096
2924030352
2940197677
2940198153
642182724
2965285428
650527494
649774795
2533892486
2533015155
2541439705
2537176624
2537822888
2537826087
2556804200
2565660490
2578684507
2587005097
2587023449
2628096774
2595381263
2639969940
2669333289
2709332601
2713384528
2722065132
2737734237
2755814058
2758425670
2792163309
2787675035
2801083036
2828653482
2820368499
2814153692
2814154369
2839454520
2868221833
2848001998
2882407790
2884627761
2890635930
2882217732
2910985937
2958424577
2919931792
2921113218
2936847999
645277243
637263319
645274358
651373357
2515414588
651373717
2515409139
2520594632
2517625844
2531044139
2538184970
2551301193
2562335308
2563196805
2589926602
2595353647
2578773594
2587299478
2601481479
2612269886
2589918485
2589950703
2611756237
2630880287
2657171822
2657056295
2657171829
2658014493
2667339693
2687155547
2709179729
2713328130
2721373059
2735539198
2752592288
2756681200
2789506181
2789348324
2800431750
2800977221
2800986957
2815840126
2820761796
2833541238
2857904149
2881253214
2891047310
2920050142
2920050210
2914266491
2914386660
2924857730
2938063025
2938102455
2958356879
2936904686
2938063960
2957369979
2958437440
646433455
641385667
2509691293
2513184776
650008308
2518189646
2530574234
2531859012
2545533170
2533025185
2539683699
2568943383
2588101141
2588511942
2589912563
2600890520
2630703551
2651319209
2695127389
2705678374
2714065529
2743239389
2775970394
2775977119
2793197500
2792424142
2814016355
2833571544
2848343517
2870962921
2890571687
2879402819
2890213792
2886847532
2887159504
2901549387
2904882628
2904887398
2901541605
2915889816
2920574476
2940328460
642668513
2940214144
2958378330
641302858
642668433
646221983
646718878
646719551
2506404009
2514295641
2515265616
2532994274
2533029680
2588161284
2589896622
2618728359
2677598947
2677599015
2694864688
2696962789
2695106219
2701213121
2710580391
2701209095
2721978326
2722120064
2722121694
2740063586
2789025811
2808014251
2813599939
2800315756
2832630841
2808014670
2813601216
2832414993
2835708330
2858655492
2868519595
2913859344
2901586768
2914436592
2914721989
2936856038
2961291294
2920453554
2922347898
2938050077
2940202993
650266109
646289149
648908478
648910931
650852845
2510124786
2531210391
2538167950
2537646390
2549842935
2558722323
2565658244
2565670621
2570751016
2578694307
2574049695
2578692128
2578759951
2621285946
2624607776
2599016902
2657045354
2661342296
2697361447
2722150024
2724329003
2719165875
2722142816
2730342755
2752976775
2799472164
2836885999
2820797837
2839919296
2854200402
2839019802
2854199931
2854208440
2858660242
2869003319
2854201869
2873690074
2882228796
2893944306
2889377947
2899580673
2914261888
2914423573
2914423641
2965302082
2958390518
642654650
647988360
649960426
2513164551
2523295700
2524924517
2524925598
2515405258
2556846650
2575210369
2578764902
2583955779
2578704508
2589907972
2612349675
2587031183
2612347471
2624745104
2617191434
2647686381
2677439040
2698978027
2718345436
2702057155
2713210252
2722133102
2731880330
2752853614
2774683003
2787890033
2793225993
2800474407
2800529711
2813029401
2807804894
2837230223
2837668908
2839930730
2842671554
2847367714
2855571388
2857922709
2854171485
2858657639
2880998870
2883942027
2895261087
2883940595
2883940598
2893948643
2914735190
2915173190
2904865715
2910553672
2910743766
2911002064
2919895049
2923742895
2924862676
2914735852
2921091984
2921128236
2924883835
2919893676
2924880857
2936884114
2938074447
2938073677
637557371
648885489
