gene	ko_K17489
2511589278
2513795295
2859559383
2859559384
2867486818
2848161101
2511675521
2866180212
2851546051
2531832025
2688453884
2662247599
2633275947
2877193778
2559734960
2511722816
2511722817
2512790595
2869742284
2847121339
2902682429
2511645426
2661861415
2858982649
2546819625
2511586966
2844399635
2813501948
2635685282
2533046449
2869748191
2869745935
2813622957
2859551935
2923455409
2874041840
2719037257
2721576971
2869743632
2538210077
2784407123
2533470355
2732288816
2850507390
2588633521
647362377
2774952840
2511814196
2511816394
2518584883
651624319
2872054334
2752604665
2878423306
2647191927
2719399500
2817572536
2817572537
2655681958
2655681959
2841059648
2671942020
2814725956
2618102761
2848157510
2721614471
2649983087
2533070107
2850504008
2855972482
2668432206
2649824326
2874051935
2871362753
2720444718
2858971894
2665494512
2659487712
2719185677
2640688113
2721574794
2721574795
2726251091
2533482106
2533482107
2533474753
2850514864
2841531253
2533458356
2559719956
2862085300
2573867614
2537866677
2512459667
2621133379
2851560808
2847219000
2848917665
2910891951
2629155417
2874829537
2855961601
2512013533
2850495442
2851553836
2874821224
639757140
2874823439
2516186563
2872070542
2850500316
2862077921
2524825696
2732732451
2668513622
2850574846
2877187085
2834838925
2602610087
2917716792
2718668968
2565593758
2659836593
2538217638
2530650385
2855974806
2938687062
2931430647
2938688814
2938695269
2961887840
2938682928
2859557162
2888668011
2511589279
2878676748
2878676749
2534026130
2848941119
2869103003
2874054877
2874054878
2721579219
2523162124
2872045631
2872045632
2588639201
2848918650
2539868836
2721619309
2691921679
646743776
2858995079
2668998340
2559734961
2533053755
2646948966
2512790596
2532703443
2876300709
2512720916
639766173
2641684409
2867415035
2910878536
2869095456
2869756659
646743775
2543163895
650944497
2511586965
2636955165
2538208349
2533472547
2631976385
2871381229
2790291876
2869748190
2848145283
2813527065
2888214104
2888214105
2859573247
2874047029
2555942729
2620989159
2638280258
2869750404
2867427102
2606595373
2688684604
2871381228
2792124364
2533470354
2869100082
2869100083
2585861279
2876303662
2874057280
2649920793
2529395696
647362378
2810590604
2518584884
2850506418
2872067973
2538213483
2538213484
2647100352
2538200850
2537905959
2855390832
2869758079
2539269530
2646858143
2855105630
2631856699
2871373666
2537855062
2535522927
2559205286
2887991250
648239297
639686456
2850514863
2696930256
2872063437
2538216041
2629787617
2874051934
2665494513
2841831800
649641593
2538226756
2538762418
2719185678
2678540232
2726251092
2867482283
2841531254
2523479237
2869107076
2537908537
2834917158
2862065311
2538751082
2866947039
2866947040
2869760286
2871361848
2629155416
2848151968
2718653745
2869098261
2841834206
2869112488
2871376705
2533479374
2851553835
2866960687
2565951567
2565951568
2874823438
2876316115
2910850194
2624785494
2871361847
2876305526
2858977465
2511520573
2537868449
2869090494
2835212085
2559730233
2559730234
647415274
2685407119
2834843051
2521588447
2565593759
2961875980
639681810
2847211601
2841527217
2816328909
2816328910
2533057329
2961863480
2938676498
2961866386
2938692210
2961891320
2859557163
2920216669
2728370388
2719602613
2867486817
2559775359
2539868835
2872065761
2844810611
2719979697
2719979698
2726253810
2858995080
2711596817
2872048026
2719932672
2538766454
2847214091
2525875074
2525875075
2525159776
2511645427
2559772996
2533480368
2848150012
2802220423
2817327656
2874036688
2867489365
2543166001
2820982742
2844401852
2537911156
2813527066
2843627915
2660293029
2624793200
2662443620
2662443621
2638280259
2723764716
2538758586
2817487086
2850507389
2877184856
2533466500
2641347200
2847123826
2559722469
2668622244
2655431365
2538210076
2635986406
2883648966
2518595000
2533464902
2674240287
2841057861
2858992877
2559727893
648092618
2647100351
2538202207
2533577476
2533577477
2871370927
637117953
2855390831
2618102760
2572342928
2550334321
2646858142
2858992876
2533066461
2518588261
2696714705
2533060449
2696930255
2518852611
2859575457
2841831801
2872056551
2687802594
2719934890
2848143071
2753772999
2850512437
2916405255
2874043448
2775100238
2728047722
2518591254
2782276392
2671499381
2671499382
2537866676
2899986304
2847216514
2646492576
2850500315
2726258548
2530218136
637985044
2511634487
2523475051
2872060463
2841834207
2869112489
2850492975
2651038883
2876313880
2876313881
2647775485
2850498037
2630463526
2654344537
2538764046
2541377784
2533479373
2855965456
2687144835
2858978992
2537868448
2511721763
2533051257
2720430433
2961875981
2677093766
2961863481
2938679612
2938696944
2961866387
2961883118
2961883119
2938676497
2961878473
2961885704
2617749399
2728370389
2876296172
2723591169
639766174
2745922762
2834762043
2866180211
2858974672
2855985065
2588639200
2645983516
2721619308
2523902069
2537856897
2756407239
2538208350
2659238217
2889884255
2534026129
2538753765
2512720917
2536297650
2538756100
2721500635
2517221654
2559778815
2897430802
2649951023
2928325535
2928325536
2844810610
2636955166
2533472546
2662001932
2867489366
2690004285
2859567980
2836811385
2848145284
2635986407
2923455410
2740063093
2538758585
2817487087
2530196668
2874041839
2920203528
2867420174
2511774741
2874815726
2791257421
2869109793
2833060885
2533466499
2774952839
2810590603
2850504009
2872054335
2872067974
2647191926
2848943431
2537855063
2671942021
2562209148
2856493143
2540185415
2848157509
2533070106
2858990579
2511816395
2836812250
2533073650
2515222701
2910864146
651622558
2646808295
2562209149
2514714022
2791165250
2855972483
2668432207
2867482284
2538216040
2629787618
2730128259
2855969474
2855969475
2871366025
649641594
2912293669
2844520089
2848143070
2533060448
2745709931
2843840619
2628161625
2850509822
2687636629
2563837305
2878678308
2511542903
2540764656
2869760285
2910891952
2876293710
637985043
2541451995
2920162394
2871382382
2855982190
2598509943
2523754351
2671943610
2876298924
2588636176
2848917664
2858986431
2858977464
2628295857
2834838924
2602610086
2852350320
2841527218
2871376377
2931430648
2961881244
2938696945
2961858436
2961878472
2961895275
2525159777
2847121338
2721579220
2851546050
2559775358
2531832026
2562315844
2562315845
2533480369
648237175
2726248420
2871368976
2871368977
2745706871
2877193777
2511689189
2537856896
2756407238
2719932671
647418040
2721500634
2657184872
2517221655
2649951024
2802220422
2579428584
2637862699
2532705735
2844399636
2533046448
2836811384
2844401853
2861753730
2861753731
2672000228
2843627914
2620986557
644203617
2869750403
2920203527
2610059492
2726254519
2630801690
637522749
2541405971
2649569179
2869109792
2660293030
2533061869
644737195
2649920794
2867039122
2836812251
2631856700
2848945943
2862034032
2540185414
644867934
2610257128
2533048530
2559730950
2518588260
2514260773
2646808296
2814725957
2558946690
639686457
2534209933
2872063436
2526060363
2876308166
2871362752
2518852610
2871366024
2862085301
2640688114
2912293668
2511608892
2874049543
2636675104
2563837306
2534446749
2533458357
2512397854
2559719955
2532695623
2874049542
2514711060
2876311060
2869739051
2585955458
2646492577
2917719527
2682317637
2694058872
2855982191
2668513623
2871376706
2850495441
2624326717
2718655909
2538748962
2858978991
2876298925
2869739052
2862077920
2719020976
2726258549
2538764045
2511665720
646101517
2694058871
2847209057
2511520574
2659836592
2537850459
2537850460
2538223952
2720430432
2874831147
2931435416
2869090493
2538217639
2628454394
2628454395
2938699264
2961887839
2938682927
2961891319
2961895274
2920216668
2866950920
2723591168
2719602612
2514208343
2514208344
2538463518
2538463519
2511675522
2686729165
2855985066
2910878537
2537915840
2688453885
2872065760
2645983517
2874036689
2855964249
2878672188
2523902070
2511689190
2714942257
2617749398
2889884254
2538766453
2559768953
647418039
2812988655
2874034835
2745922761
2511530745
2848150011
2869756658
2817327657
2662247598
2579428586
2711596816
2637862698
2873559864
2902682428
2659238218
644131565
2690004286
2813501947
2672000227
2535525523
2869745936
2677514943
2855984208
2874047028
644203618
650436860
2723764717
2610059493
2668622243
2721576972
2655431366
2813504724
637522750
644131564
2834760169
2631976384
2784407124
2585861278
2511614583
2511614584
2529395697
2530196667
2688033282
2518595001
2512026783
2512026784
2588633520
2533464901
2867039121
2538481582
2538481583
639775842
2841057860
644341604
2752604666
2696714704
2878423305
2538202208
2871370926
2538200851
2855977394
2855977395
2856493142
2847130249
644867935
2539269529
2533048531
2559730949
651624318
2515222702
2871373667
2559205285
2847130250
2850512436
2537908538
2649966775
2649824327
2859575456
2533462164
2851563008
2538762419
2782276391
2659487711
2844520088
2850509821
2877189439
2516139840
2719934891
2523479238
2874043449
2869107075
2745709930
2534446750
2728047721
2512397853
2518591253
2516139839
2688065027
2876311061
2899986305
2621133380
2538751081
2511542902
2585955457
2847216515
2851556049
2728372204
2810164657
2848151967
2511634486
2753116695
2874833356
2524339791
2874829536
2628295858
2523475050
2518850422
2682317638
2537862717
2537862718
2512013534
2871382381
2732732452
2718655910
2874821225
2876316114
2872070543
2647775486
2687144836
2541451994
2858986430
2630463525
2642123058
2876305525
2541377783
2866960686
2877187084
2511721764
2718668967
2677093765
2874828259
2533051256
2871376378
2931435417
2938688813
2938699265
2938702430
2961860730
2961860731
2532703444
651202480
2869742285
2888668012
651118458
2876296171
2869105511
2869103004
2812988656
648330127
648330128
2641684408
2865305997
2834762042
2537916348
2726248421
2848918649
2541473044
2855964250
2726253809
2848147495
2848147496
2876300708
2869105510
2536297651
2559772995
2867415034
2537916347
2559778814
2543163894
2668998341
643874732
2662001933
2543166002
2820982743
2834760170
2635685281
2790291875
2620986556
2858990580
2855984209
2533061870
2740063094
2555942728
2877184857
2858985693
2719037258
2606595372
2688684605
2559722468
2813504725
2630801691
651223565
2541405972
2649569178
2859567981
2874815725
2791257422
2537911155
2792124365
644737196
2883648967
2559782627
2649636055
644341603
2511814197
2559727892
2719399499
2511563066
2848943432
637117954
2862034033
2537905958
2843838372
2550334322
2610257129
2538204633
2533066462
2533073651
2835224555
2534209934
2526060362
2730128260
2869092375
2869092376
2533462163
2872056550
2851563007
2837018598
2678540233
2636675103
2843838371
2636423153
2916405254
2775100237
2843840620
2628161624
2858971893
643192886
2834917159
2862065312
2533474752
2688065028
2878678309
2851556050
2876293709
2810164656
2753116694
2524339790
2718653746
2869098262
2920162395
2917719526
2872060462
2862043977
2847211600
639754077
2874039444
2910850195
2512459666
2588636175
2728372205
2654344538
2836837445
2850574847
2538223953
2685407120
2874831148
2532691315
2532691316
2852350319
2874825071
2855974807
2523094623
2774963783
647415273
2865732129
2537870539
2938679613
2938692209
2938695270
2961869413
2961881243
2961898006
2961898005
2938702431
2961858435
2961885703
651202481
2847214090
651118459
2513795294
2874034836
2848161102
2523162125
2865305996
2858974671
2686729164
2661861416
2537915841
648237174
2541473043
2546819626
2633275946
650944496
2878672189
2714942258
2872048025
2646948967
643874731
2559768952
2540806849
2866950921
2538753764
2538756101
2848941120
2657184871
2511530744
2869095457
2858982650
2745706870
2691921678
2533053754
2532705734
2873559863
2535525522
2813622956
2537859904
2537859905
2677514942
2859551934
2859573246
2624793199
2620989160
2874057281
650436861
2641347201
2858985694
2867420173
2867427101
2726254520
2869743631
2511774740
2919901441
2919901442
651223564
2876303661
2559782628
2732288817
2833060884
2649636056
2688033281
2674240288
2847123827
639775843
2850506419
2910864147
2511563065
2848945942
651622559
2841059647
2869758078
2572342929
2721614470
2791165249
2855105631
2538204634
648092619
2514260772
2535522928
2835224554
2514714023
2558946689
2887991249
2649983086
648239296
2876308165
2720444717
2877189440
2511608891
2687636630
2636423152
2532695624
2518592673
2518592674
2538226755
2537852171
2537852172
2573867613
2837018597
2687802593
2514711061
2516186564
2540764657
2847218999
2850498036
2530218137
2616431407
2616431408
2874833357
2518850421
2855961602
2523754352
2850492974
2624326715
2862043976
2651038884
2855965457
2847209056
2538748963
2511606558
2511606559
2874039445
2624785495
2719020975
2836837444
2511665719
646101518
2524825695
2642123057
2598509942
2872058760
2872058761
2835212086
2530650384
2917716791
2521588448
2938687063
2874825072
2533057328
2523094622
2774963784
2865732128
2834843050
2537870538
2961869414
2961873339
2961873338
