gene	ko_K03416	
2834762044
2661861417
2877193776
2635986408
2850507388
2646948965
644131566
2649569177
2844399634
2813501946
2635685280
2631976386
2848145282
2585861280
2874047030
2877184855
2630801689
2688684603
2847123825
2867039123
2869743630
2541405973
2752604664
651622560
2538200852
2559730951
2538204635
2647191925
637117952
2535522926
2537905960
2649983088
2533070108
2869107074
2534446748
2871362751
2523479236
2834917160
2720444716
2518592675
2538762417
2912293670
2721574793
2687636631
2874049544
2848143069
2876316116
2878678307
2872070541
2847216513
2876293708
2850500314
2862077923
2920162393
2682317636
2869098263
2538764047
2871382380
2694058873
2855965458
2938702429
2841834205
2855982189
2651038882
2538217640
2533057327
2872058759
2523094624
2521588446
2852350318
2537870537
2931430646
2961895273
2928325537
2532703445
2559768954
2745922763
2721500633
2559772997
2537916349
2910878538
2533480370
2517221653
2872065759
2817327658
2543163893
2858995081
2511689188
2711596818
2784407122
2876303660
2511722815
2719932670
2867489364
2543166000
2672000226
2869748189
2888214106
2537859903
2533061871
2883648965
2518595002
2858985695
2538481584
637522751
2518584885
651624320
2515222700
2533577478
2871373668
2655681960
2862034031
2855977396
2646808297
2869758077
2855105629
2775100239
2874051936
2782276390
2537866678
2871366026
2862085302
2636675102
2851560805
2540764655
2588636177
2646492575
2630463524
2872060461
2687144837
2518850420
2565951566
2871376379
2851553834
2847209055
2718655908
639757141
2858978993
2850574845
2874828263
2602610085
2720430431
2718668966
2961866385
2961883120
2691921680
2869105512
647418041
2539868834
2876300707
2859559382
2511645425
2865305995
2657184873
2562315846
2546819627
2714942259
2538208351
2791257420
2533046447
2533472545
2662001931
2659238219
2859567979
2871381230
2859551933
644203616
2688033283
2641347199
2538210075
2726254521
2872054333
2872067972
648092617
2647100350
2878423304
2814725955
2562209147
2559205284
2646858144
2636423154
2668432205
2745709932
2876308167
2855969473
2559719954
2837018599
2687802595
2874039446
2563837307
2910850193
2512459668
2855961600
2848151966
2874833355
2511520572
2871376707
2850495440
2834838923
2816328911
2938692208
2865732130
2834843052
2565593760
2938676499
2961898004
2961863479
2961878471
2866950919
2721619307
2889884253
2859557161
2728370387
639766175
2848941118
2869103002
2867486816
2538463520
2866180210
2726248422
2802220421
2878672190
2848147494
2511614582
2533053756
2820982741
2844401851
2537911157
2535525521
2869100084
2843627916
2858990581
2855984210
2859573245
2533048532
2559782629
2638280257
2529395695
2588633522
2874041841
2559722467
2610059491
2867420175
2674240286
2606595374
639775841
2871370928
2817572535
2855390833
2558946691
2511816393
2538213485
2631856701
2910864148
2848945941
2537855064
2514260774
2856493141
2843838373
2847130248
639686458
2721614469
2850514862
2696930257
2629787616
2649966772
2869092377
649641595
2851563006
2659487710
2640688112
2511608890
2514711062
2899986306
2511542901
2538751080
2866947038
2726258547
2629155415
2523475049
2917719528
2512013532
646101519
2876305524
2874821223
2659836591
2938682926
2961860729
2961875979
2848150013
2617749400
651202479
2847214089
2920216670
2869742286
2878676750
2538753766
2513795296
2812988657
2902682430
2874054879
2559778816
2872045630
2848918648
2649951022
2855964251
2726253808
650944495
2511586964
2537856898
2620986558
2723764715
2869745934
2813622955
2660293028
2677514941
2538758587
2817487088
2530196669
2858992878
2511774739
2810590605
2511814195
2836812252
2850504010
2559727894
2696714703
2511563064
2841059646
2540185416
2835224553
2514714024
2539269528
2887991248
2867482285
2538216042
2874043447
2649824325
2843840618
2533458358
2518852609
2628161626
2512397855
2532695625
2671499383
2858971895
2665494514
2841831799
2538226757
2728372203
2719020974
2910891953
2871361849
2511634488
2753116693
2524339789
2654344536
2836837443
2511665718
2642123056
2598509944
2541377785
2876313882
2866960688
2624326718
2858977466
639754076
2874823437
2877187083
2530650383
2938687064
2677093764
2931435415
2938695268
2938699266
2961881245
2961885702
2538766455
2512720915
2888668010
2525159778
2847121337
2873559865
2874034837
648330126
2531832027
2688453883
2869095458
2745706872
2579428583
2523902068
2872048024
2861753729
2790291874
2533470356
2555942727
650436859
644341602
2512026785
2533464900
2655431364
651223566
2518588262
2671942019
2534209935
2572342927
2550334323
2621133381
2841531252
2537908539
637985045
2859575455
2537852170
2573867615
2844520087
2850509820
2726251093
2533474754
2688065029
2516186565
2869739050
2869760284
2848917666
2524825694
2718653744
2537862716
2869112490
2538748964
2511721765
2774963785
2917716793
2685407121
2874831146
2938688812
2938696943
2961891322
2511589277
2641684407
2851546049
2588639199
2645983515
2534026131
2723591167
2538756102
2514208342
2848161100
2858974673
2537915842
2858982651
2541473042
2874036690
2633275945
2637862697
2668998339
2636955167
2756407237
2874815727
2740063095
643874730
2813527067
2624793198
2662443619
2620989161
2649920792
2649636057
2869750402
2719037256
2867427103
2919901440
2533066460
2848943430
2618102759
2848157508
2753772996
2610257130
2850512435
2533060450
2872063435
2730128258
2872056549
643192887
2719185676
2678540231
2877189438
2533482108
2516139841
2876298926
2585955459
2847218998
2647775484
2541451996
2874829538
2533479375
2732732453
2523754353
2862043978
2874825073
2869090495
2835212084
2559730235
647415275
2961869412
2961858434
2961873340
2961887841
2719602611
2721579218
2871368978
2540806848
651118460
2525875076
2876296173
2536297652
2523162126
2511530746
2511675520
2686729163
2559775360
2867415033
2855985067
648237173
2897430803
2869756660
2844810612
2662247600
646743777
2719979696
2792124366
2732288815
2833060883
2559734962
2512790594
2532705733
2690004287
2834760171
2836811386
2869109791
2923455408
644737194
2874057282
2533466501
2920203526
2668622242
647362379
2774952838
2721576970
2813504723
2841057862
644867933
2850506420
2533073649
2538202209
2719399501
2791165248
648239295
2855972481
2526060364
2518591252
2916405253
2728047723
2533462162
2719934889
2862065313
2876311062
2851556048
2624785493
2850498035
2530218135
2810164655
2616431406
2858986429
2628295859
2511606557
2668513624
2850492973
2847211599
2537868450
2841527216
2537850461
2533051258
2538223951
2855974805
2628454396
2532691314
2938679611
