gene	ko_K23352
2509101520
2565724726
641541143
2535592235
645646064
2636578615
2901120019
2910997600
2928326927
2752677182
2695063114
2839502735
2692611763
2533131362
2561380246
2806222681
2611756330
2843119487
2657152254
2815214443
2841181995
2898789733
2800226659
649701918
2696964036
2845951551
2842671556
640768846
2881253242
2791063859
2841779685
2706128634
2595570451
2587796925
2709398021
2920466293
2714069319
2515339560
2656546644
2509825580
2890571689
2914722978
2785464118
2623533418
2619188988
2697547632
2815085541
2596256293
641543682
2895403797
2663144651
2740063584
2567262429
2791895922
2882220332
2514456640
2789717164
2911006800
2507209794
2624740338
2599669555
2526062239
2887058884
2846392103
2721387551
2776022162
2712161421
2708445994
2911766811
2884134973
2697361449
649773913
2512416755
2758052093
2745754283
2619346795
2891499016
2927246901
2712907523
2914717984
2861594825
2678637736
2650501987
2587816514
2868202222
2666117729
2599017168
2573828631
2515347818
2839935943
2665123275
645659677
2509406030
2923742893
2895410767
646432522
2656986297
2577007476
2752855904
2670657519
2913505574
2574348906
2836679558
2914703775
2558319613
2815189600
2716730668
2538026538
2716650626
2814016445
2752641345
2841226567
2757441350
2509691295
2587092410
2624749885
2617725621
2579601188
2836901023
2895405789
2683329840
2658357940
2915165662
2894299637
2656981322
2719165876
2911230843
2914740062
2848938862
2734494593
2790441114
2910888670
2641485878
2563786952
2823230606
2836814746
648204917
2812685089
2698787642
2698788848
2897455109
2832252965
2770903272
2914750220
2689563460
2666856474
2799656453
2914779080
2617738976
2868225431
2708497131
2667318715
2713328128
2910985935
2652747617
2633476602
637263867
2806953990
2634112055
2734492580
2848343509
2791067887
2531216148
642668515
2833438058
2623518317
2635123282
2663504576
637769470
2658356083
2587767277
2504956582
2657517153
2657161202
2881444751
2541439708
2814013997
2556847736
2833571546
2776462274
2834301664
2787469885
2830046333
2771403402
646718241
2752595648
2713651553
2693156919
2670656378
2716587583
2583136967
2639565800
2532313455
2898777584
2588079392
2805746125
2847161202
2710580393
641542202
2752853615
2832236590
2829191050
2586115559
2840542772
2771486043
2587175769
2920489863
640784068
2882060898
2920425978
642643870
2800228994
2820786672
2588161286
2845960124
2543312362
2891047312
649704383
2540877315
2799632179
2891148372
648203902
2517400783
2678981309
2920573221
2722071460
2811557385
2742640782
2517518798
2820747807
2617737093
2695026003
2880956715
2832377156
2669303820
2588252296
2836701213
2731273867
2583022628
2526282862
2910979194
648127880
2834505592
2917712181
2882158601
2884624812
2562557330
2667339695
2808098059
2927245724
2650496985
2664235621
2651318566
2533892483
2889783951
2806876408
2628096776
2666118695
2728085290
2511473987
2538036106
2914757189
2729839169
2504587090
2765563572
2518160998
2789735162
2890635932
2920268191
642182722
2714065527
2884631054
2537172930
2713329327
2791970655
2914705337
2800233263
2890181589
2834296049
2802715407
646085754
2890604806
2920310135
2814011472
2920449750
2752594324
2696493934
2890025804
2774745834
2834097229
2791060723
2920996533
2920426342
2663233246
2806223329
2515342973
2543312779
642727200
2882228798
2843116960
2624607778
2833565137
2820772100
2788315325
2886846332
2898778175
2832980767
2703700832
2917534683
2820792527
2884627759
2628100802
2837607955
2531206962
2709276973
2790378799
2911232062
2515265614
2843323402
2901128390
2662979258
641246626
2698978029
640875094
2668149645
2799085261
2620494797
2887604382
2799640822
2709193018
647988363
2561351557
2663170816
2709419255
2657675222
2868215950
2562673987
2914736835
2834289897
2727845977
2895261089
2884084168
2847177280
2884238702
2510278510
2843552604
2658333957
2829371372
2657891210
2656280149
2709416917
2698263725
2510411656
2562625961
2843550548
649671045
2771998982
2756398027
2915173188
2868205901
2665122089
645659573
2516938117
2868228358
2897635554
2693157956
2602604105
2799462549
2574348915
2689543313
650639213
2588181814
2833457186
2861516923
2558231563
640453673
2744035873
2647781763
2920168638
645645844
2724329005
2522513308
2837376592
2664122274
2829059821
2890213790
2795697544
648811351
2547587960
2839648557
2898787825
2889551806
2771860852
2841780945
2928402916
2514746470
644360555
2868225928
2659023668
2840545530
2724895682
2844125460
2788451009
639206660
2666857578
2901166387
2915153803
2617934222
646079698
2792481278
2655218421
2667317036
2882407793
2829268018
2920991889
2617925854
2514338988
2533133607
649917215
2674575663
2789741142
2774689810
2815836228
2861677013
2775941005
2668882522
2755814056
2895275508
2815206086
2713210254
2805616807
2714073959
2646539256
2639969938
2758474825
2886508404
2895267136
2758618268
2617726761
2847190170
641301758
2821862161
2601091819
2515808413
2789747265
2524208197
2810859924
2815204172
2701166164
2829428372
2756631617
2587856746
2668986076
2677930607
648162497
2792485730
2530405202
2642513189
2890413007
2887681273
2695798972
2920993525
2620343092
2839507994
2588182386
2668754130
2792163311
2920707258
2630629869
2834294828
2547515761
2722142818
2868209078
649916607
641231572
2807331612
2674573026
2639559952
2920478409
2889623191
2752951215
2894007270
2636405304
2596387958
2841244645
2832572181
2558259476
2828261221
2599710034
2829345753
2775970984
2913960566
2868203162
2911609097
2721886158
2913281668
2839637399
2517626358
2861191969
2868220109
2787571924
2543317203
2621232496
2920574478
2596267621
2588184482
2920989557
2600966874
2920469918
2651201822
2843320539
2621196994
640785405
2832981801
637262765
2820772737
2914735191
2509839286
2914752586
2910992047
2503525028
2729238559
2830051378
2559583555
2731884115
2739814330
2911002062
2890428703
2695043472
2805543452
2895281522
2841315771
2889685567
645482881
2617730671
2558728974
2519064789
2882158549
2514223251
648783239
2667338097
2845955706
2526205497
2537645761
2821862151
2540068240
2566057545
2735964902
2657773136
2523918375
2561449035
2698101601
2503631509
2832414992
2920474016
2642513199
2561998699
2532897729
2599218015
2861375594
2630880289
2829181683
2628491011
2633622084
647367140
2599667315
2887143262
2621196784
2890905335
2890023700
2868206576
2917683887
2882605135
2771371687
2752642036
2617759923
2891789561
2661260783
2890300057
643447593
2692610499
642716054
2834304418
2861242653
2550859611
2788447247
646433453
2842669182
2791065150
2861203901
2619871949
2832485622
2812540918
2563786999
2563787561
2525403411
2545543032
647986502
2844126457
2587807608
2882409544
2531209022
2926654807
2839454519
2558681886
2514403693
2642510749
2833541240
2827971363
2914758422
2799659712
2839922042
2730342747
2693739158
2518189891
2669302798
2833505581
2836701209
2834503672
2890660416
2637147374
2895257865
650849879
648127243
2889812851
2523274211
2718502188
2910981375
2531210412
2663505705
2833532267
2883588436
2814684790
2814134476
2814135813
2789742380
2669107602
2599022665
2847186382
2884102344
2735965079
2815332857
2795853645
2792423707
2808080111
2833416964
2756630146
648785092
2842669192
2517246477
651596631
2894288142
2505286005
2789342937
2910553670
2718987585
646718880
2882404875
2838787237
2914712753
2668669205
2756902720
2956938639
2695990578
2698155458
2800231574
2661342294
2667250781
2667251453
2839800242
2574187697
647058534
2617723010
2799449814
2713814846
2868212464
2920453169
641543067
2582792456
2889645968
644789781
2588506005
2884621801
2911000431
2845961302
2835002612
650191402
2596706713
2839930728
2697550194
2619490005
2505393984
2792055753
2839919298
2920487733
2663915362
2787890035
2780288209
2884618868
2657003809
2914746092
2601480939
2787475136
2771325127
2647385253
2883367988
2616856316
2884243115
2517205040
2638993256
2599662856
2705702073
2668984605
2914720529
2914748596
2920998990
2833477895
2721983138
2883816536
2890516540
2595381264
2847197348
2547479298
2833537735
2841158252
2881712218
2890646404
2789707346
2728040232
2831517227
2837445277
2617932268
2694864690
2514205064
2563718872
2511473435
2558976929
2891773400
2868223527
2829369831
2820767824
2883942060
2695797529
2722161946
2868221836
2936392009
