gene	ko_K17490	
2538766452
2876300710
2525875073
2534026128
2719602614
2812988654
2523162123
2745922760
2721500636
2865305998
2511530743
2531832024
2858982648
2928325534
2633275948
2523902071
2537856895
2756407240
2659238216
2649569180
2791257423
2869748192
2888214103
2869100081
2923455411
644737197
2740063092
2512026782
2533466498
2641347202
2610059494
2511774742
2559730948
2533073652
2872067975
2533577475
2671942022
2671943611
2814725958
2558946688
2721614472
2791165251
2855105632
2636423151
2668432208
2871362754
2837018596
2719185679
2687802592
2877189441
2874039443
2671499380
2588636174
2646492578
2719020977
2871361846
2753116696
2718653747
2628295856
2869098260
2537862719
2651038885
2847209058
2847211602
639754078
2834838926
2816328908
2659836594
2530650386
2871376376
2677093767
2938676496
2961860732
2961875982
2848918651
2872065762
2869743633
2647191928
2841059649
2869092374
2851560809
2874829535
2874821226
2565951569
2931430649
2850495443
2559768951
2866950922
2878676747
2867486819
2641684410
2867415036
2855985064
2910878535
2533480367
2559778813
2897430800
2649951025
2539868837
2848147497
2543166003
2820982744
2834760168
2871381227
2844401854
2672000229
2869109794
2585861277
2855984207
2559782626
2833060886
2649920795
2518594999
2774952841
2559722470
2810590602
2836812249
2518588259
2696714706
2719399498
2535522929
2646808294
2562209150
2835224556
2850514865
2538216039
2518592672
2834917157
2848143072
2876298923
2869760287
2910891950
2728372206
2850500317
2629155418
2541451993
2855961603
2836837446
2524825697
2694058870
2855982192
2876313879
2866960685
2537868447
2869090492
2533057330
2559730232
2565593757
2532691317
2938687061
2938692211
2961863482
2961866388
2859557164
2511689191
2813622958
2752604667
2848945944
644867936
2696930254
2518852612
2726251090
2512013535
647362376
2532703442
2889884256
2525159775
2723591170
2848941121
648330129
2511645428
2874054876
2562315843
2726248419
2869095455
2541473045
2871368975
2745706869
2874036687
2546819624
2543163896
2511586967
2668998342
2636955164
2711596815
2719932673
2859567982
2537911154
2535525524
2869745937
2677514944
2883648968
2638280260
2511614585
2817487085
2529395698
2688033280
2877184858
2867427100
2688684606
2655431367
2541405970
2515222703
2871373665
2655681957
2540185413
2753773000
2649983085
2850512438
2537908536
2534446751
2728047720
2628161623
2559719957
2665494511
2636675105
2533474751
2624785496
2732732450
2858977463
2858978990
2538223954
2917716790
2855974808
2521588449
2938699263
2961881242
2961885705
2961898007
2920216667
2888668013
2866180213
2512790597
2649824328
2688065026
2847219001
2862043975
2938695271
651202482
2537916346
2869756657
2645983518
2719979699
2858995078
2714942256
2637862700
643874733
2867489367
2844399637
2533046450
2813527064
2843627913
2533061868
2624793201
2620989158
644203619
2719037259
639775844
651223563
2538204632
2910864145
2871370925
637117955
2855977393
2841531255
2523479239
2869107077
2649966776
2841831802
2573867612
2640688115
2878678310
2910850196
2530218138
2511634485
2874833358
2538764044
2872060464
2642123059
2869112487
2523754350
2533479372
2855965455
2538748961
2874823440
2874825070
2511721762
2835212087
2774963782
2865732127
2588639202
2813501949
2878423307
2512397852
2871366023
2899986303
2850492976
2852350321
2617749397
2847214092
2869742283
2728370390
2847121340
647418038
2512720918
2902682427
2834762041
2511675523
2686729166
2559775357
2661861414
646743774
2878672187
2533053753
2690004284
2635685283
2836811383
2861753732
2848145285
2635986405
2533048529
2538758584
2533464903
2867420172
2867039120
2518584882
651622557
2537905957
2887991251
639686455
2534209932
2872063438
2629787619
2859575458
2533462165
2782276393
2659487713
2511608893
2687636628
2719934892
2862065310
2537866675
2538751083
2869739053
2848917663
2726258550
637985042
2917719525
2871382383
2718655911
2841527219
2533051255
2602610088
2538217637
2718668969
2720430434
2874831149
2931435418
2938688815
2961873337
2961878474
2961895276
2513795293
648237176
2517221656
2874041838
2813504726
2533070105
2871376704
639757139
2511606560
2874047027
2841834208
2851553837
2511589280
2538753763
2869105509
2538756099
2848161103
2537915839
2802220424
2844810609
2817327655
2662247597
2855964248
2726253811
2662001934
2532705736
644131563
2784407125
2790291877
2874057279
2723764718
2530196666
2858985692
2858992875
2721576973
2538210078
2511816396
2850504007
2559727891
2538213482
2647100353
2869758080
2572342930
2550334320
2916405256
2874043450
2526060361
2876308164
2843840621
2874051933
2855969476
2518591255
649641592
643192885
2538226754
2538762420
2844520090
2850509823
2678540234
2514711059
2516139838
2512459665
2866947041
2511542904
2851556051
2876293711
2810164658
2524339792
2654344539
2523475052
2511665721
646101516
2598509941
2511520575
2877187086
2685407118
2537870540
2938679614
2938682929
2938696946
2961858437
2961891318
2511814198
2538200849
2610257127
2912293667
2847216516
2874034834
2691921677
2540806851
651118457
639766172
2869103005
2859559385
2657184870
2858974670
2848150010
2688453886
2721619310
650944498
2579428587
2538208348
2559734959
2533472548
2533470353
2660293031
2537859906
2662443622
2649636054
2674240289
2847123828
2726254518
2538481581
2919901443
2841057859
2533066463
2872054336
2631856698
2538202206
2511563067
2537855061
2862034034
2855390830
2843838370
2559205287
2847130251
2618102762
2848157511
2514714021
2646858141
2855972484
2533060447
2745709929
2775100236
2532695622
2858971892
2872056552
2533482105
2876316113
2872070544
2621133378
2585955456
2862077919
2630463527
2668513621
2624326714
2537850458
2523094621
2628454393
2961887838
2514208345
2859573248
650436862
2856493144
2539269531
2850574848
2876296170
2873559862
2536297649
2721579221
2538463517
2559772994
2851546052
2877193779
2646948968
2874815724
2631976383
2792124363
2859551936
2620986555
2858990578
2876303663
2555942730
2732288818
2850507391
2869750405
2920203529
2588633519
2606595371
2668622245
2630801692
651624317
2850506417
648092620
2817572538
2514260771
2867482282
2730128261
2533458355
2720444719
2862085299
2851563009
2537852173
2721574796
2874049541
2563837304
2876311059
2647775487
2850498038
2687144834
2616431409
2858986432
2920162396
2682317639
2876305527
2541377782
2872058762
647415272
2834843049
2938702432
2961869415
2961883117
2872045633
2872048027
2511722818
637522748
644341605
2848943433
648239298
2516186562
2540764658
2848151969
2518850423
